Overhead: 0.0004294 s
I/O: 0.0092804 s
Computation: 0.0048299 s