Overhead: 0.0003624 s
I/O: 0.004736 s
Computation: 0.0011587 s