Overhead: 0.0004911 s
I/O: 0.006239 s
Computation: 0.0012725 s