Overhead: 0.0003898 s
I/O: 0.0067348 s
Computation: 0.0011034 s