Overhead: 0.0005338 s
I/O: 0.0072755 s
Computation: 0.0066077 s