Overhead: 0.0004046 s
I/O: 0.0089984 s
Computation: 0.0174648 s