Overhead: 0.0004606 s
I/O: 0.0007736 s
Computation: 0.0167592 s