Overhead: 0.0006003 s
I/O: 0.0107062 s
Computation: 0.0059164 s