Overhead: 0.0004449 s
I/O: 0.0037332 s
Computation: 0.0030446 s