Overhead: 0.0005416 s
I/O: 0.010818 s
Computation: 0.0051453 s