Overhead: 0.0005967 s
I/O: 0.150318 s
Computation: 0.0297695 s