Overhead: 0.0005523 s
I/O: 0.0103237 s
Computation: 0.0058385 s