Overhead: 0.0004961 s
I/O: 0.122861 s
Computation: 0.326092 s