Overhead: 0.0005659 s
I/O: 0.0105273 s
Computation: 0.0219933 s