Overhead: 0.0007445 s
I/O: 0.0113354 s
Computation: 0.0073332 s