Overhead: 0.0007656 s
I/O: 0.215884 s
Computation: 0.032023 s