Overhead: 0.0005677 s
I/O: 0.0103934 s
Computation: 0.0240392 s