Overhead: 0.0004129 s
I/O: 0.0051697 s
Computation: 0.0157332 s