Overhead: 0.0004892 s
I/O: 0.0102631 s
Computation: 0.0079102 s