Overhead: 0.0004655 s
I/O: 0.0116646 s
Computation: 0.0328037 s