Overhead: 0.0006339 s
I/O: 0.0131514 s
Computation: 0.0030227 s