Overhead: 0.0007626 s
I/O: 0.0086349 s
Computation: 0.0236156 s