Overhead: 0.0004731 s
I/O: 0.0008827 s
Computation: 0.0179398 s