Overhead: 0.0007531 s
I/O: 0.007592 s
Computation: 0.012687 s