Overhead: 0.0004047 s
I/O: 0.0057646 s
Computation: 0.0271931 s