Overhead: 0.0005816 s
I/O: 0.009164 s
Computation: 0.0062543 s