Overhead: 0.0003851 s
I/O: 0.0104587 s
Computation: 0.0020157 s