Overhead: 0.0004197 s
I/O: 0.0084392 s
Computation: 0.0134382 s