Overhead: 0.0003994 s
I/O: 0.0046148 s
Computation: 0.0013063 s