Overhead: 0.0003777 s
I/O: 0.0047641 s
Computation: 0.0011556 s