Overhead: 0.0011133 s
I/O: 0.0130477 s
Computation: 0.0153876 s