Overhead: 0.0005382 s
I/O: 0.0015264 s
Computation: 0.0238462 s