Overhead: 0.0005674 s
I/O: 0.0024096 s
Computation: 0.0190441 s