Overhead: 0.0004498 s
I/O: 0.0156331 s
Computation: 0.114476 s