Overhead: 0.0005871 s
I/O: 0.0087477 s
Computation: 0.0055988 s