Overhead: 0.000553 s
I/O: 0.0100562 s
Computation: 0.009332 s