Overhead: 0.0004333 s
I/O: 0.0109882 s
Computation: 0.0024859 s