Overhead: 0.0005481 s
I/O: 0.0103471 s
Computation: 0.0161208 s