Overhead: 0.0004034 s
I/O: 0.0092792 s
Computation: 0.0183455 s