Overhead: 0.0003744 s
I/O: 0.0080662 s
Computation: 0.0113081 s