Overhead: 0.000622 s
I/O: 0.15751 s
Computation: 0.0294808 s