Overhead: 0.000382 s
I/O: 0.0082149 s
Computation: 0.0135939 s