Overhead: 0.0010072 s
I/O: 0.0975127 s
Computation: 0.196556 s