Overhead: 0.0004355 s
I/O: 0.0065732 s
Computation: 0.0012391 s