Overhead: 0.0006915 s
I/O: 0.0223171 s
Computation: 0.0365241 s