Overhead: 0.0006283 s
I/O: 0.0130925 s
Computation: 0.0075249 s