Overhead: 0.0004466 s
I/O: 0.0051359 s
Computation: 0.0016757 s