Overhead: 0.0004297 s
I/O: 0.0087445 s
Computation: 0.0137084 s