Overhead: 0.0004509 s
I/O: 0.0013581 s
Computation: 0.0206799 s