Overhead: 0.0003343 s
I/O: 0.0040029 s
Computation: 0.001634 s