Overhead: 0.0003635 s
I/O: 0.0038891 s
Computation: 0.0011583 s