Overhead: 0.000493 s
I/O: 0.0011 s
Computation: 0.002949 s