Overhead: 0.0003394 s
I/O: 0.0020916 s
Computation: 0.0038513 s