Overhead: 0.0007078 s
I/O: 0.0081856 s
Computation: 0.0144637 s