Overhead: 0.0004667 s
I/O: 0.0066481 s
Computation: 0.001393 s