Overhead: 0.0006398 s
I/O: 0.189522 s
Computation: 0.0492028 s