Overhead: 0.0004012 s
I/O: 0.0051405 s
Computation: 0.0015536 s