Overhead: 0.0003922 s
I/O: 0.0062189 s
Computation: 0.0012153 s