Overhead: 0.0004526 s
I/O: 0.0048828 s
Computation: 0.016892 s