Overhead: 0.0004053 s
I/O: 0.005014 s
Computation: 0.002719 s