Overhead: 0.0004813 s
I/O: 0.0008435 s
Computation: 0.0178379 s