Overhead: 0.0004979 s
I/O: 0.000867 s
Computation: 0.0194433 s