Overhead: 0.0005463 s
I/O: 0.0105017 s
Computation: 0.0121135 s