Overhead: 0.0004743 s
I/O: 0.0185504 s
Computation: 0.112137 s