Overhead: 0.0003873 s
I/O: 0.0041366 s
Computation: 0.0012665 s