Overhead: 0.0004621 s
I/O: 0.0099392 s
Computation: 0.0739754 s