Overhead: 0.0003536 s
I/O: 0.003363 s
Computation: 0.0088459 s