Overhead: 0.0006823 s
I/O: 0.013806 s
Computation: 0.0413118 s