Overhead: 0.000465 s
I/O: 0.0207637 s
Computation: 0.006321 s