Overhead: 0.0004265 s
I/O: 0.0041661 s
Computation: 0.0153368 s