Overhead: 0.0006653 s
I/O: 0.158844 s
Computation: 0.0483033 s