Overhead: 0.0005398 s
I/O: 0.0104246 s
Computation: 0.0052767 s