Overhead: 0.000392 s
I/O: 0.0039546 s
Computation: 0.0012004 s