Overhead: 0.0005114 s
I/O: 0.0166531 s
Computation: 0.0801357 s