Overhead: 0.000587 s
I/O: 0.0215348 s
Computation: 1.17402 s