Overhead: 0.0005349 s
I/O: 0.0183786 s
Computation: 0.0653232 s