Overhead: 0.0004334 s
I/O: 0.0102861 s
Computation: 0.0148314 s