Overhead: 0.0006906 s
I/O: 0.0331004 s
Computation: 0.0476537 s