Overhead: 0.0004142 s
I/O: 0.0114573 s
Computation: 0.0587677 s