Overhead: 0.0005785 s
I/O: 0.0414019 s
Computation: 0.0087552 s