Overhead: 0.0006121 s
I/O: 0.0092566 s
Computation: 0.0049942 s