Overhead: 0.0004041 s
I/O: 0.0194744 s
Computation: 0.0058985 s