Overhead: 0.0004761 s
I/O: 0.0160846 s
Computation: 0.129689 s