Overhead: 0.00049 s
I/O: 0.01734 s
Computation: 0.134936 s