Overhead: 0.0004785 s
I/O: 0.0105681 s
Computation: 0.0539053 s