Overhead: 0.000555 s
I/O: 0.0107673 s
Computation: 0.0228689 s