Overhead: 0.0003016 s
I/O: 0.0008468 s
Computation: 0.00383 s