Overhead: 0.0003577 s
I/O: 0.0078868 s
Computation: 0.0077951 s