Overhead: 0.0004588 s
I/O: 0.0065188 s
Computation: 0.0040096 s