Overhead: 0.000361 s
I/O: 0.0040743 s
Computation: 0.0012179 s