Overhead: 0.0006078 s
I/O: 0.0089932 s
Computation: 0.0061106 s