Overhead: 0.0004955 s
I/O: 0.0027145 s
Computation: 0.0101062 s