Overhead: 0.0005797 s
I/O: 0.262844 s
Computation: 0.298366 s