Overhead: 0.0004114 s
I/O: 0.009698 s
Computation: 0.013805 s