Overhead: 0.0005309 s
I/O: 0.0038504 s
Computation: 0.0353401 s