Overhead: 0.00039 s
I/O: 0.0086715 s
Computation: 0.0130186 s