Overhead: 0.0004168 s
I/O: 0.0065751 s
Computation: 0.0012282 s