Overhead: 0.0005686 s
I/O: 0.0059187 s
Computation: 0.0018856 s