Overhead: 0.0004316 s
I/O: 0.0109768 s
Computation: 0.0200229 s