Overhead: 0.0006445 s
I/O: 0.0071488 s
Computation: 0.0061947 s