Overhead: 0.0005684 s
I/O: 0.009713 s
Computation: 0.0069122 s