Overhead: 0.0004588 s
I/O: 0.0118356 s
Computation: 0.0364253 s