Overhead: 0.0003662 s
I/O: 0.0039119 s
Computation: 0.0014554 s