Overhead: 0.0003914 s
I/O: 0.004041 s
Computation: 0.001194 s