Overhead: 0.0005584 s
I/O: 0.103903 s
Computation: 0.043076 s