Overhead: 0.0004707 s
I/O: 0.0188108 s
Computation: 0.121539 s