Overhead: 0.0004253 s
I/O: 0.0061156 s
Computation: 0.0012091 s