Overhead: 0.0004195 s
I/O: 0.0043103 s
Computation: 0.0011722 s