Overhead: 0.0004587 s
I/O: 0.0143928 s
Computation: 0.0153132 s