Overhead: 0.0003749 s
I/O: 0.004518 s
Computation: 0.0012534 s