Overhead: 0.0003753 s
I/O: 0.0084161 s
Computation: 0.0095914 s