Overhead: 0.0005388 s
I/O: 0.0162187 s
Computation: 0.0197077 s