Overhead: 0.0004051 s
I/O: 0.0088079 s
Computation: 0.0174788 s