Overhead: 0.000475 s
I/O: 0.0111499 s
Computation: 0.0026002 s