Overhead: 0.0003175 s
I/O: 0.0071613 s
Computation: 0.0132647 s