Overhead: 0.0004259 s
I/O: 0.0056077 s
Computation: 0.0011367 s