Overhead: 0.0002924 s
I/O: 0.0006594 s
Computation: 0.0015516 s