Overhead: 0.0004578 s
I/O: 0.0116196 s
Computation: 0.0027441 s