Overhead: 0.0004249 s
I/O: 0.0009175 s
Computation: 0.0175067 s