Overhead: 0.0004621 s
I/O: 0.0083968 s
Computation: 0.0644369 s