Overhead: 0.0003763 s
I/O: 0.0079779 s
Computation: 0.0102707 s