Overhead: 0.000707 s
I/O: 0.0190854 s
Computation: 0.0075595 s