Overhead: 0.0004475 s
I/O: 0.0103181 s
Computation: 0.0135267 s