Overhead: 0.0007051 s
I/O: 0.143895 s
Computation: 0.154013 s