Overhead: 0.0005205 s
I/O: 0.0072453 s
Computation: 0.0016569 s