Overhead: 0.0003643 s
I/O: 0.0035516 s
Computation: 0.0039032 s