Overhead: 0.0004757 s
I/O: 0.0162515 s
Computation: 0.570171 s