Overhead: 0.0004151 s
I/O: 0.005466 s
Computation: 0.0012424 s