Overhead: 0.0005543 s
I/O: 0.0181282 s
Computation: 0.0051411 s