Overhead: 0.0024874 s
I/O: 0.006106 s
Computation: 0.0318006 s