Overhead: 0.0005001 s
I/O: 0.0044799 s
Computation: 0.0012816 s