Overhead: 0.0004044 s
I/O: 0.0063085 s
Computation: 0.0022825 s