Overhead: 0.0003388 s
I/O: 0.008329 s
Computation: 0.0091405 s