Overhead: 0.000638 s
I/O: 0.0091865 s
Computation: 0.0049525 s