Overhead: 0.0006485 s
I/O: 0.0061544 s
Computation: 0.0020144 s