Overhead: 0.0006844 s
I/O: 0.0158991 s
Computation: 0.0847373 s