Overhead: 0.0003705 s
I/O: 0.0043418 s
Computation: 0.0011456 s