Overhead: 0.0003429 s
I/O: 0.0075234 s
Computation: 0.0083445 s