Overhead: 0.0005875 s
I/O: 0.0123261 s
Computation: 0.0272675 s