Overhead: 0.0004222 s
I/O: 0.0114239 s
Computation: 0.0104826 s