Overhead: 0.0005989 s
I/O: 0.0580813 s
Computation: 0.0131298 s