Overhead: 0.000356 s
I/O: 0.0100994 s
Computation: 0.0164858 s