Overhead: 0.0005608 s
I/O: 0.0075304 s
Computation: 0.005895 s