Overhead: 0.0004948 s
I/O: 0.0085092 s
Computation: 0.0151444 s