Overhead: 0.000591 s
I/O: 0.0218105 s
Computation: 0.0973897 s