Overhead: 0.0006036 s
I/O: 0.0115307 s
Computation: 0.0028183 s