Overhead: 0.0003583 s
I/O: 0.0085111 s
Computation: 0.0141123 s