Overhead: 0.0006209 s
I/O: 0.0123537 s
Computation: 0.0048074 s