Overhead: 0.000581 s
I/O: 0.0274933 s
Computation: 0.0532485 s