Overhead: 0.0005753 s
I/O: 0.026148 s
Computation: 0.0255569 s