Overhead: 0.0005557 s
I/O: 0.167623 s
Computation: 0.0442293 s