Overhead: 0.0004303 s
I/O: 0.0123306 s
Computation: 0.196517 s