Overhead: 0.0004397 s
I/O: 0.0083234 s
Computation: 0.011016 s