Overhead: 0.0005285 s
I/O: 0.0097943 s
Computation: 0.0058073 s