Overhead: 0.0004728 s
I/O: 0.0096892 s
Computation: 0.014113 s