Overhead: 0.000442 s
I/O: 0.0118522 s
Computation: 0.0339216 s