Overhead: 0.0007372 s
I/O: 0.0107252 s
Computation: 0.014898 s