Overhead: 0.0004669 s
I/O: 0.0140113 s
Computation: 0.0057287 s