Overhead: 0.000486 s
I/O: 0.135108 s
Computation: 0.313403 s