Overhead: 0.0005686 s
I/O: 0.009172 s
Computation: 0.0053028 s