Overhead: 0.0004395 s
I/O: 0.0096002 s
Computation: 0.0220675 s