Overhead: 0.0004577 s
I/O: 0.0117243 s
Computation: 0.0421732 s