Overhead: 0.0004385 s
I/O: 0.007873 s
Computation: 0.0012134 s