Overhead: 0.000494 s
I/O: 0.0046043 s
Computation: 0.018944 s