Overhead: 0.000423 s
I/O: 0.0038293 s
Computation: 0.0192795 s