Overhead: 0.0004447 s
I/O: 0.0108226 s
Computation: 0.0041361 s