Overhead: 0.0004455 s
I/O: 0.0117044 s
Computation: 0.0380576 s