Overhead: 0.0004177 s
I/O: 0.004197 s
Computation: 0.0150353 s