Overhead: 0.0004615 s
I/O: 0.0089722 s
Computation: 0.0040844 s