Overhead: 0.0004441 s
I/O: 0.0054893 s
Computation: 0.0140009 s