Overhead: 0.0003949 s
I/O: 0.0038849 s
Computation: 0.0012925 s