Overhead: 0.0006779 s
I/O: 0.0012046 s
Computation: 0.0045751 s