Overhead: 0.0003962 s
I/O: 0.0083517 s
Computation: 0.0155185 s