Overhead: 0.0006592 s
I/O: 0.054345 s
Computation: 0.0316249 s