Overhead: 0.0003892 s
I/O: 0.0038655 s
Computation: 0.0205449 s