Overhead: 0.0004222 s
I/O: 0.0045402 s
Computation: 0.0217186 s