Overhead: 0.0007023 s
I/O: 0.0115278 s
Computation: 0.0064204 s