Overhead: 0.0004798 s
I/O: 0.001063 s
Computation: 0.0043384 s