Overhead: 0.0004678 s
I/O: 0.0088938 s
Computation: 0.0030357 s