Overhead: 0.0007793 s
I/O: 0.0237156 s
Computation: 0.119441 s