Overhead: 0.000404 s
I/O: 0.0041984 s
Computation: 0.0012662 s