Overhead: 0.0005157 s
I/O: 0.0180411 s
Computation: 0.07207 s