Overhead: 0.0004794 s
I/O: 0.0121784 s
Computation: 0.015287 s