Overhead: 0.0005941 s
I/O: 0.0090732 s
Computation: 0.005568 s