Overhead: 0.0005857 s
I/O: 0.0108819 s
Computation: 0.0059561 s