Overhead: 0.0003677 s
I/O: 0.0153308 s
Computation: 0.0083725 s