Overhead: 0.0003958 s
I/O: 0.0082327 s
Computation: 0.0092998 s