Overhead: 0.0003951 s
I/O: 0.0056498 s
Computation: 0.0012317 s