Overhead: 0.000529 s
I/O: 0.132217 s
Computation: 0.218049 s