Overhead: 0.0004836 s
I/O: 0.0055387 s
Computation: 0.0012712 s