Overhead: 0.0003955 s
I/O: 0.0042254 s
Computation: 0.0011578 s