Overhead: 0.0004326 s
I/O: 0.0070125 s
Computation: 0.0125862 s