Overhead: 0.0003668 s
I/O: 0.00421 s
Computation: 0.0129557 s