Overhead: 0.0004122 s
I/O: 0.0095968 s
Computation: 0.0031004 s