Overhead: 0.0004365 s
I/O: 0.0050191 s
Computation: 0.0012302 s