Overhead: 0.0006384 s
I/O: 0.0097713 s
Computation: 0.0052854 s