Overhead: 0.0003861 s
I/O: 0.0157108 s
Computation: 0.0073822 s