Overhead: 0.0005343 s
I/O: 0.0157045 s
Computation: 0.126088 s