Overhead: 0.0005916 s
I/O: 0.0341315 s
Computation: 0.0079927 s