Overhead: 0.0004206 s
I/O: 0.0110168 s
Computation: 0.0024532 s