Overhead: 0.0004856 s
I/O: 0.0069397 s
Computation: 0.0055607 s