Overhead: 0.0004024 s
I/O: 0.0099818 s
Computation: 0.0023672 s