Overhead: 0.0004682 s
I/O: 0.0128587 s
Computation: 0.0329372 s