Overhead: 0.0006304 s
I/O: 0.0082156 s
Computation: 0.0880622 s