Overhead: 0.0004949 s
I/O: 0.0022495 s
Computation: 0.0026888 s