Overhead: 0.0003581 s
I/O: 0.0078736 s
Computation: 0.0107283 s