Overhead: 0.0007617 s
I/O: 0.0199988 s
Computation: 0.0414429 s