Overhead: 0.0004122 s
I/O: 0.0038529 s
Computation: 0.0011781 s