Overhead: 0.000473 s
I/O: 0.0043481 s
Computation: 0.001413 s