Overhead: 0.0005241 s
I/O: 0.0087334 s
Computation: 0.005736 s