Overhead: 0.0003499 s
Computation: 0.0072541 s