Overhead: 0.0005006 s
I/O: 0.0124211 s
Computation: 0.0524746 s