Overhead: 0.0026667 s
I/O: 0.103809 s
Computation: 0.376514 s