Overhead: 0.0004107 s
I/O: 0.0344214 s
Computation: 0.0027298 s