Overhead: 0.0004118 s
I/O: 0.0075228 s
Computation: 0.0906183 s