Overhead: 0.0006325 s
I/O: 0.13195 s
Computation: 0.339278 s