Overhead: 0.0007112 s
I/O: 0.141234 s
Computation: 0.0520117 s