Overhead: 0.0006823 s
I/O: 0.187011 s
Computation: 0.0739129 s