Overhead: 0.0003799 s
I/O: 0.0042119 s
Computation: 0.0011589 s