Overhead: 0.0005149 s
I/O: 0.0143631 s
Computation: 0.0499273 s