Overhead: 0.0003762 s
I/O: 0.0101451 s
Computation: 0.0162509 s