Overhead: 0.0005352 s
I/O: 0.0066551 s
Computation: 0.0051065 s