Overhead: 0.0004334 s
I/O: 0.0097771 s
Computation: 0.0164082 s