Overhead: 0.0005262 s
I/O: 0.0083426 s
Computation: 0.0052249 s