Overhead: 0.0005208 s
I/O: 0.0131411 s
Computation: 0.0428561 s