Overhead: 0.0004591 s
I/O: 0.0119843 s
Computation: 0.0446083 s