Overhead: 0.000517 s
I/O: 0.127912 s
Computation: 0.32271 s