Overhead: 0.000741 s
I/O: 0.0107498 s
Computation: 0.0188102 s