Overhead: 0.000324 s
I/O: 0.000861 s
Computation: 0.0020223 s