Overhead: 0.0004387 s
I/O: 0.0047449 s
Computation: 0.0013453 s