Overhead: 0.0003468 s
Computation: 0.0069522 s