Overhead: 0.0003773 s
I/O: 0.0099155 s
Computation: 0.0158858 s