Overhead: 0.000499 s
I/O: 0.0118018 s
Computation: 0.011712 s