Overhead: 0.0005583 s
I/O: 0.0079231 s
Computation: 0.004054 s