Overhead: 0.000489 s
I/O: 0.126295 s
Computation: 0.359479 s