Overhead: 0.00055 s
I/O: 0.0012287 s
Computation: 0.0123717 s