Overhead: 0.0004642 s
I/O: 0.0163724 s
Computation: 0.109954 s