Overhead: 0.0004324 s
I/O: 0.0102368 s
Computation: 0.0408208 s