Overhead: 0.0005891 s
I/O: 0.0066956 s
Computation: 0.0058414 s