Overhead: 0.0003674 s
I/O: 0.004289 s
Computation: 0.0011817 s