Overhead: 0.0004416 s
I/O: 0.0057123 s
Computation: 0.0012596 s