Overhead: 0.0004142 s
I/O: 0.0045629 s
Computation: 0.0011894 s