Overhead: 0.000509 s
I/O: 0.0132825 s
Computation: 0.0209371 s