Overhead: 0.0006933 s
I/O: 0.0160425 s
Computation: 0.0197274 s