Overhead: 0.0006841 s
I/O: 0.15605 s
Computation: 0.0562178 s