Overhead: 0.0003843 s
I/O: 0.0042221 s
Computation: 0.0013197 s