Overhead: 0.0004493 s
I/O: 0.0156871 s
Computation: 0.11727 s