Overhead: 0.0004019 s
I/O: 0.0072151 s
Computation: 0.0098285 s