Overhead: 0.0004006 s
I/O: 0.0042854 s
Computation: 0.0181486 s