Overhead: 0.0005428 s
I/O: 0.0245698 s
Computation: 0.0362247 s