Overhead: 0.0005878 s
I/O: 0.0094435 s
Computation: 0.0056445 s