Overhead: 0.0005086 s
I/O: 0.0042688 s
Computation: 0.684904 s