Overhead: 0.0005709 s
I/O: 0.0153253 s
Computation: 0.0081975 s