Overhead: 0.0007314 s
I/O: 0.166284 s
Computation: 0.0320807 s