Overhead: 0.0003508 s
I/O: 0.0081588 s
Computation: 0.0129793 s