Overhead: 0.0003828 s
I/O: 0.0042066 s
Computation: 0.0011515 s