Overhead: 0.0004597 s
I/O: 0.0151226 s
Computation: 0.0025209 s