Overhead: 0.0005709 s
I/O: 0.009551 s
Computation: 0.0057256 s