Overhead: 0.0004065 s
I/O: 0.0028083 s
Computation: 0.0125225 s