Overhead: 0.0004894 s
I/O: 0.0177306 s
Computation: 0.12542 s