Overhead: 0.0004203 s
I/O: 0.0109138 s
Computation: 0.0026725 s