Overhead: 0.0005459 s
I/O: 0.0157308 s
Computation: 0.0881322 s