Overhead: 0.0004541 s
I/O: 0.0116344 s
Computation: 0.0318766 s