Overhead: 0.0004866 s
I/O: 0.0058842 s
Computation: 0.0148088 s