Overhead: 0.0006026 s
I/O: 0.0035816 s
Computation: 0.0016399 s