Overhead: 0.0003782 s
I/O: 0.0037826 s
Computation: 0.0011582 s