Overhead: 0.0004528 s
I/O: 0.0083469 s
Computation: 0.0152456 s