Overhead: 0.0003865 s
I/O: 0.0050975 s
Computation: 0.0141764 s