Overhead: 0.0005292 s
I/O: 0.0070019 s
Computation: 0.0059121 s