Overhead: 0.0004766 s
I/O: 0.0060316 s
Computation: 0.0016221 s