Overhead: 0.0004389 s
I/O: 0.0099093 s
Computation: 0.0024925 s