Overhead: 0.0005397 s
I/O: 0.0065442 s
Computation: 0.0057948 s