Overhead: 0.0003835 s
I/O: 0.0099398 s
Computation: 0.0164348 s