Overhead: 0.0005076 s
I/O: 0.0144353 s
Computation: 0.0197055 s