Overhead: 0.0004283 s
I/O: 0.0044725 s
Computation: 0.0186405 s