Overhead: 0.000518 s
I/O: 0.142705 s
Computation: 0.0281693 s