Overhead: 0.0004505 s
I/O: 0.0124874 s
Computation: 0.0448702 s