Overhead: 0.0006881 s
I/O: 0.276344 s
Computation: 0.467887 s