Overhead: 0.0006087 s
I/O: 0.0080552 s
Computation: 0.0048516 s