Overhead: 0.0005673 s
I/O: 0.248166 s
Computation: 0.404159 s