Overhead: 0.0004455 s
I/O: 0.0213792 s
Computation: 0.0869873 s