Overhead: 0.0004105 s
I/O: 0.001419 s
Computation: 0.0143271 s