Overhead: 0.0005999 s
I/O: 0.023843 s
Computation: 0.125168 s