Overhead: 0.0004596 s
I/O: 0.0163211 s
Computation: 0.116593 s