Overhead: 0.0004604 s
I/O: 0.006434 s
Computation: 0.0312952 s