Overhead: 0.0025102 s
I/O: 0.0058857 s
Computation: 0.0317321 s