Overhead: 0.0004938 s
I/O: 0.0091797 s
Computation: 0.00499 s