Overhead: 0.0004351 s
I/O: 0.0008473 s
Computation: 0.0179599 s