Overhead: 0.0004165 s
I/O: 0.0043805 s
Computation: 0.0012081 s