Overhead: 0.0004318 s
I/O: 0.0098932 s
Computation: 0.0178759 s