Overhead: 0.0004494 s
I/O: 0.004731 s
Computation: 0.0114246 s