Overhead: 0.0003803 s
I/O: 0.0038967 s
Computation: 0.0011308 s