Overhead: 0.0005781 s
I/O: 0.0087512 s
Computation: 0.0047104 s