Overhead: 0.0005668 s
I/O: 0.0131024 s
Computation: 0.0026879 s