Overhead: 0.0005339 s
I/O: 0.011091 s
Computation: 0.0662359 s