Overhead: 0.0013566 s
I/O: 0.011113 s
Computation: 0.025804 s