Overhead: 0.000624 s
I/O: 0.0124629 s
Computation: 0.0574754 s