Overhead: 0.0004426 s
I/O: 0.0087275 s
Computation: 0.01 s