Overhead: 0.0005257 s
I/O: 0.201438 s
Computation: 0.0296317 s