Overhead: 0.0004084 s
I/O: 0.0125689 s
Computation: 0.0126564 s