Overhead: 0.0005795 s
I/O: 0.0140503 s
Computation: 0.0025224 s