Overhead: 0.0007309 s
I/O: 0.0098258 s
Computation: 0.0067493 s