Overhead: 0.000358 s
Computation: 0.0112876 s