Overhead: 0.0006486 s
I/O: 0.0101444 s
Computation: 0.0062207 s