Overhead: 0.0006031 s
I/O: 0.0117358 s
Computation: 0.0040454 s