Overhead: 0.000499 s
I/O: 0.0139838 s
Computation: 0.0025658 s