Overhead: 0.0005317 s
I/O: 0.150748 s
Computation: 0.0474424 s