Overhead: 0.0006466 s
I/O: 0.0100006 s
Computation: 0.0061858 s