Overhead: 0.0006378 s
I/O: 0.0014214 s
Computation: 0.0200366 s