Overhead: 0.000399 s
Computation: 0.0072531 s