Overhead: 0.0004648 s
I/O: 0.0085276 s
Computation: 0.0104722 s