Overhead: 0.0005193 s
I/O: 0.015479 s
Computation: 0.0188736 s