Overhead: 0.0004238 s
I/O: 0.0066988 s
Computation: 0.0012819 s