Overhead: 0.0005115 s
I/O: 0.0153856 s
Computation: 0.0195221 s