Overhead: 0.0005626 s
I/O: 0.0204847 s
Computation: 0.0715672 s