Overhead: 0.0004389 s
I/O: 0.0118928 s
Computation: 0.0858128 s