Overhead: 0.0005007 s
I/O: 0.0062507 s
Computation: 0.0050715 s