Overhead: 0.0005567 s
I/O: 0.0261988 s
Computation: 0.0034565 s