Overhead: 0.000525 s
I/O: 0.0124026 s
Computation: 0.0024905 s