Overhead: 0.0004836 s
I/O: 0.0134691 s
Computation: 0.0026506 s