Overhead: 0.000386 s
I/O: 0.008849 s
Computation: 0.0112405 s