Overhead: 0.0003599 s
I/O: 0.0081804 s
Computation: 0.0034051 s