Overhead: 0.0004156 s
I/O: 0.0053725 s
Computation: 0.0217863 s