Overhead: 0.0003994 s
I/O: 0.0041413 s
Computation: 0.0012296 s