Overhead: 0.0003693 s
Computation: 0.0077325 s