Overhead: 0.0006004 s
I/O: 0.0121698 s
Computation: 0.0068307 s