Overhead: 0.0004033 s
I/O: 0.0046014 s
Computation: 0.0172266 s