Overhead: 0.00041 s
I/O: 0.0071807 s
Computation: 0.0012488 s