Overhead: 0.0004811 s
I/O: 0.0057984 s
Computation: 0.0213353 s