Overhead: 0.0005334 s
Computation: 0.0088476 s