Overhead: 0.0003501 s
I/O: 0.007557 s
Computation: 0.0120525 s