Overhead: 0.0003709 s
I/O: 0.0062432 s
Computation: 0.0011072 s