Overhead: 0.0004777 s
I/O: 0.0184722 s
Computation: 0.0811244 s