Overhead: 0.0006082 s
I/O: 0.0104111 s
Computation: 0.0031471 s