Overhead: 0.0004815 s
I/O: 0.0085839 s
Computation: 0.0110075 s