Overhead: 0.0005109 s
I/O: 0.0590566 s
Computation: 0.0105701 s