Overhead: 0.0004841 s
I/O: 0.0126709 s
Computation: 0.085222 s