Overhead: 0.0003912 s
I/O: 0.0046261 s
Computation: 0.0185965 s