Overhead: 0.0003915 s
I/O: 0.0044327 s
Computation: 0.0013861 s