Overhead: 0.0004668 s
I/O: 0.0095099 s
Computation: 0.0157781 s