Overhead: 0.000433 s
I/O: 0.0063805 s
Computation: 0.0013729 s