Overhead: 0.0005025 s
I/O: 0.0090848 s
Computation: 0.0086782 s