Overhead: 0.0003895 s
I/O: 0.0070775 s
Computation: 0.0078164 s