Overhead: 0.0006217 s
I/O: 0.007727 s
Computation: 0.0058118 s