Overhead: 0.0003765 s
I/O: 0.0050352 s
Computation: 0.0011577 s