Overhead: 0.0004581 s
I/O: 0.0110621 s
Computation: 0.0147398 s