Overhead: 0.0003811 s
I/O: 0.0084097 s
Computation: 0.0081564 s