Overhead: 0.0005312 s
I/O: 0.0092061 s
Computation: 0.0053615 s