Overhead: 0.0005588 s
I/O: 0.0216091 s
Computation: 0.0446303 s