Overhead: 0.000536 s
I/O: 0.141333 s
Computation: 0.0377581 s