Overhead: 0.0003801 s
I/O: 0.0081764 s
Computation: 0.01128 s