Overhead: 0.0004128 s
I/O: 0.0064207 s
Computation: 0.0011349 s