Overhead: 0.0005149 s
I/O: 0.0086172 s
Computation: 0.0052477 s