Overhead: 0.0004867 s
I/O: 0.0048044 s
Computation: 0.0073989 s