Overhead: 0.0005685 s
I/O: 0.141112 s
Computation: 0.318553 s