Overhead: 0.0005828 s
I/O: 0.0195652 s
Computation: 0.0139687 s