Overhead: 0.0005659 s
I/O: 0.146739 s
Computation: 0.050657 s