Overhead: 0.0003755 s
I/O: 0.0073812 s
Computation: 0.0109029 s