Overhead: 0.0005268 s
I/O: 0.12673 s
Computation: 0.159759 s