Overhead: 0.0004964 s
I/O: 0.0047002 s
Computation: 0.0011309 s