Overhead: 0.0004437 s
I/O: 0.0047117 s
Computation: 0.0136013 s