Overhead: 0.0002921 s
I/O: 0.0022181 s
Computation: 0.0044911 s