Overhead: 0.0005164 s
I/O: 0.0228091 s
Computation: 0.21 s