Overhead: 0.0005876 s
I/O: 0.0080575 s
Computation: 0.0059255 s