Overhead: 0.0005233 s
I/O: 0.0154605 s
Computation: 0.0767899 s