Overhead: 0.000482 s
I/O: 0.016992 s
Computation: 0.0737631 s