Overhead: 0.0003832 s
I/O: 0.0079018 s
Computation: 0.0128125 s