Overhead: 0.0004944 s
I/O: 0.0102741 s
Computation: 0.0129913 s