Overhead: 0.0005538 s
I/O: 0.0215549 s
Computation: 0.0070401 s