Overhead: 0.0003048 s
I/O: 0.0088512 s
Computation: 0.0012437 s