Overhead: 0.0003886 s
I/O: 0.0040252 s
Computation: 0.0011958 s