Overhead: 0.0004654 s
I/O: 0.0107775 s
Computation: 0.0130827 s