Overhead: 0.0006387 s
I/O: 0.0302945 s
Computation: 0.008188 s