Overhead: 0.0005546 s
I/O: 0.0096285 s
Computation: 0.0061946 s