Overhead: 0.0003765 s
I/O: 0.0042849 s
Computation: 0.0011355 s