Overhead: 0.0007667 s
I/O: 0.0079143 s
Computation: 0.0058565 s