Overhead: 0.000569 s
I/O: 0.0085748 s
Computation: 0.0049758 s