Overhead: 0.0003785 s
I/O: 0.0097447 s
Computation: 0.0039632 s