Overhead: 0.000388 s
I/O: 0.0075273 s
Computation: 0.0010781 s