Overhead: 0.000487 s
I/O: 0.0165212 s
Computation: 0.0081669 s