Overhead: 0.0003751 s
I/O: 0.003616 s
Computation: 0.017432 s