Overhead: 0.0004576 s
I/O: 0.0067164 s
Computation: 0.0016451 s