Overhead: 0.000379 s
I/O: 0.0069878 s
Computation: 0.0011597 s