Overhead: 0.0004715 s
I/O: 0.0060709 s
Computation: 0.0011943 s