Overhead: 0.0004796 s
I/O: 0.0112101 s
Computation: 0.0998001 s