Overhead: 0.0005677 s
I/O: 0.005121 s
Computation: 0.811201 s