Overhead: 0.0005713 s
I/O: 0.012188 s
Computation: 0.0539397 s