Overhead: 0.0006387 s
I/O: 0.0137298 s
Computation: 0.0478583 s