Overhead: 0.0003555 s
I/O: 0.0078965 s
Computation: 0.013284 s