Overhead: 0.0003001 s
I/O: 0.006519 s
Computation: 0.0011896 s