Overhead: 0.000608 s
I/O: 0.161255 s
Computation: 0.0514409 s