Overhead: 0.0004083 s
I/O: 0.012095 s
Computation: 0.0178934 s