Overhead: 0.0005008 s
I/O: 0.0122753 s
Computation: 0.0464046 s