Overhead: 0.0004529 s
I/O: 0.011113 s
Computation: 0.0442299 s