Overhead: 0.0005054 s
I/O: 0.0119986 s
Computation: 0.0297455 s