Overhead: 0.0003848 s
I/O: 0.0075485 s
Computation: 0.0011533 s