Overhead: 0.0004466 s
I/O: 0.0121112 s
Computation: 0.0152055 s