Overhead: 0.0003684 s
I/O: 0.007465 s
Computation: 0.013835 s