Overhead: 0.0003891 s
I/O: 0.0063612 s
Computation: 0.0012004 s