Overhead: 0.0003825 s
I/O: 0.0061232 s
Computation: 0.0012638 s