Overhead: 0.0004699 s
I/O: 0.0227565 s
Computation: 1.01199 s