Overhead: 0.0005669 s
I/O: 0.0093286 s
Computation: 0.0052564 s