Overhead: 0.0003546 s
I/O: 0.0090831 s
Computation: 0.0134866 s