Overhead: 0.0004316 s
I/O: 0.0117585 s
Computation: 0.0113233 s