Overhead: 0.0003891 s
I/O: 0.0096112 s
Computation: 0.003637 s