Overhead: 0.0006439 s
I/O: 0.0288668 s
Computation: 0.0367267 s