Overhead: 0.0005665 s
I/O: 0.0285963 s
Computation: 0.0194621 s