Overhead: 0.0005429 s
I/O: 0.0120631 s
Computation: 0.0032246 s