Overhead: 0.0004153 s
I/O: 0.0062791 s
Computation: 0.0274557 s