Overhead: 0.0005232 s
I/O: 0.0260638 s
Computation: 0.0491826 s