Overhead: 0.0007173 s
I/O: 0.01056 s
Computation: 0.0478677 s