Overhead: 0.000465 s
I/O: 0.0035032 s
Computation: 0.0072797 s