Overhead: 0.0004215 s
I/O: 0.0042742 s
Computation: 0.0012598 s