Overhead: 0.0005535 s
I/O: 0.0082488 s
Computation: 0.0054094 s