Overhead: 0.0003438 s
I/O: 0.0054373 s
Computation: 0.0011311 s