Overhead: 0.000451 s
I/O: 0.013465 s
Computation: 0.002429 s