Overhead: 0.0003957 s
I/O: 0.0056117 s
Computation: 0.001172 s