Overhead: 0.0005004 s
I/O: 0.0091731 s
Computation: 0.0051512 s