Overhead: 0.0006899 s
I/O: 0.0209497 s
Computation: 0.0080106 s