Overhead: 0.0005498 s
I/O: 0.0136865 s
Computation: 0.0056452 s