Overhead: 0.0005056 s
I/O: 0.0202582 s
Computation: 0.118265 s