Overhead: 0.0006548 s
I/O: 0.106879 s
Computation: 0.0719633 s