Overhead: 0.0005183 s
I/O: 0.0084492 s
Computation: 0.0049023 s