Overhead: 0.0004375 s
I/O: 0.0067172 s
Computation: 0.0109416 s