Overhead: 0.000597 s
I/O: 0.0583378 s
Computation: 0.0125252 s