Overhead: 0.0003672 s
I/O: 0.0040657 s
Computation: 0.0011421 s