Overhead: 0.0003441 s
I/O: 0.0042573 s
Computation: 0.0015069 s