Overhead: 0.0004773 s
I/O: 0.0087599 s
Computation: 0.0053948 s