Overhead: 0.0004496 s
I/O: 0.0087264 s
Computation: 0.0065737 s