Overhead: 0.0005781 s
I/O: 0.160416 s
Computation: 0.0303338 s