Overhead: 0.0003884 s
I/O: 0.0104478 s
Computation: 0.0022893 s