Overhead: 0.0005922 s
I/O: 0.0601837 s
Computation: 0.0119759 s