Overhead: 0.0004463 s
I/O: 0.0116958 s
Computation: 0.0621935 s