Overhead: 0.0006365 s
I/O: 0.0025971 s
Computation: 0.0797017 s