Overhead: 0.0004505 s
I/O: 0.0186127 s
Computation: 0.548608 s