Overhead: 0.0004891 s
I/O: 0.0076209 s
Computation: 0.005095 s