Overhead: 0.0004227 s
I/O: 0.0045184 s
Computation: 0.0156411 s