Overhead: 0.0005796 s
I/O: 0.0069963 s
Computation: 0.0059658 s