Overhead: 0.0004719 s
I/O: 0.0168815 s
Computation: 1.01346 s