Overhead: 0.0003837 s
I/O: 0.0103223 s
Computation: 0.0160487 s