Overhead: 0.0002986 s
I/O: 0.0008397 s
Computation: 0.0016998 s