Overhead: 0.0015697 s
I/O: 0.0554572 s
Computation: 0.217851 s