Overhead: 0.0006092 s
I/O: 0.0181741 s
Computation: 0.114122 s