Overhead: 0.0005792 s
I/O: 0.0180348 s
Computation: 0.0229119 s