Overhead: 0.0012478 s
I/O: 0.0256177 s
Computation: 0.0081039 s