Overhead: 0.0004457 s
I/O: 0.0007375 s
Computation: 0.004158 s