Overhead: 0.0003783 s
I/O: 0.0056086 s
Computation: 0.0012321 s