Overhead: 0.0003845 s
I/O: 0.0069653 s
Computation: 0.0011747 s