Overhead: 0.0006239 s
I/O: 0.0129871 s
Computation: 0.0528835 s