Overhead: 0.0004541 s
I/O: 0.0024017 s
Computation: 0.0089147 s