Overhead: 0.0003831 s
I/O: 0.0036892 s
Computation: 0.0015288 s