Overhead: 0.0003716 s
I/O: 0.0081406 s
Computation: 0.0137243 s