Overhead: 0.0005458 s
I/O: 0.0159466 s
Computation: 0.0074093 s