Overhead: 0.0005441 s
I/O: 0.0023128 s
Computation: 0.0203022 s