Overhead: 0.0005525 s
I/O: 0.0249024 s
Computation: 0.047971 s