Overhead: 0.0004721 s
I/O: 0.0154594 s
Computation: 0.521233 s