Overhead: 0.0003936 s
I/O: 0.0104424 s
Computation: 0.01643 s