Overhead: 0.0003613 s
I/O: 0.0072961 s
Computation: 0.0121364 s