Overhead: 0.0005311 s
I/O: 0.0093548 s
Computation: 0.0050102 s