Overhead: 0.0006288 s
I/O: 0.0154286 s
Computation: 0.0935811 s