Overhead: 0.000447 s
I/O: 0.0120006 s
Computation: 0.0147258 s