Overhead: 0.0003506 s
I/O: 0.0147925 s
Computation: 0.0104696 s