Overhead: 0.0005443 s
I/O: 0.0040716 s
Computation: 0.706293 s