Overhead: 0.0005347 s
I/O: 0.0023245 s
Computation: 0.0176181 s