Overhead: 0.0005252 s
I/O: 0.0090222 s
Computation: 0.0051424 s