Overhead: 0.000495 s
I/O: 0.0070107 s
Computation: 0.0110701 s