Overhead: 0.0003793 s
I/O: 0.0079414 s
Computation: 0.0126444 s