Overhead: 0.0003451 s
I/O: 0.0073489 s
Computation: 0.011499 s