Overhead: 0.0004074 s
I/O: 0.0044475 s
Computation: 0.0012131 s