Overhead: 0.000498 s
I/O: 0.0091625 s
Computation: 0.0050651 s