Overhead: 0.0005844 s
I/O: 0.195524 s
Computation: 0.0312963 s