Overhead: 0.0005375 s
I/O: 0.0063616 s
Computation: 0.0012123 s