Overhead: 0.0004532 s
I/O: 0.0050467 s
Computation: 0.00141 s