Overhead: 0.0004917 s
I/O: 0.0049511 s
Computation: 0.024671 s