Overhead: 0.0004221 s
I/O: 0.0045066 s
Computation: 0.0175709 s