Overhead: 0.0006525 s
I/O: 0.0051384 s
Computation: 0.0076783 s