Overhead: 0.0004822 s
I/O: 0.0101328 s
Computation: 0.0536747 s