Overhead: 0.000426 s
I/O: 0.0146996 s
Computation: 0.0029974 s