Overhead: 0.0003705 s
I/O: 0.0081804 s
Computation: 0.0135934 s