Overhead: 0.0006805 s
I/O: 0.0109286 s
Computation: 0.00569 s