Overhead: 0.0003799 s
I/O: 0.0105597 s
Computation: 0.0221728 s