Overhead: 0.0003778 s
I/O: 0.004537 s
Computation: 0.0176277 s