Overhead: 0.0005532 s
I/O: 0.0094917 s
Computation: 0.0053414 s