Overhead: 0.0003818 s
I/O: 0.0045039 s
Computation: 0.0011879 s