Overhead: 0.0005312 s
I/O: 0.114016 s
Computation: 0.193092 s