Overhead: 0.000484 s
I/O: 0.0021868 s
Computation: 0.0053488 s