Overhead: 0.000544 s
I/O: 0.0083912 s
Computation: 0.0083468 s