Overhead: 0.0003249 s
Computation: 0.0048433 s