Overhead: 0.0003866 s
I/O: 0.004712 s
Computation: 0.001243 s