Overhead: 0.0005096 s
I/O: 0.0083596 s
Computation: 0.0068014 s