Overhead: 0.0003838 s
I/O: 0.0045914 s
Computation: 0.0012642 s