Overhead: 0.0007708 s
I/O: 0.0147613 s
Computation: 0.0033302 s