Overhead: 0.0004453 s
I/O: 0.0009129 s
Computation: 0.021007 s