Overhead: 0.0003874 s
I/O: 0.0062895 s
Computation: 0.0336723 s