Overhead: 0.000522 s
I/O: 0.0127984 s
Computation: 0.0025076 s