Overhead: 0.0005564 s
I/O: 0.0084654 s
Computation: 0.0089531 s