Overhead: 0.0004413 s
I/O: 0.0098816 s
Computation: 0.0168766 s