Overhead: 0.0004838 s
I/O: 0.0010564 s
Computation: 0.0212732 s