Overhead: 0.0005061 s
I/O: 0.0153503 s
Computation: 0.0074791 s