Overhead: 0.0006896 s
I/O: 0.0211967 s
Computation: 0.0725143 s