Overhead: 0.0006101 s
I/O: 0.0442791 s
Computation: 0.0635224 s