Overhead: 0.0005494 s
I/O: 0.0176111 s
Computation: 0.0703822 s