Overhead: 0.0003989 s
I/O: 0.009514 s
Computation: 0.0153688 s