Overhead: 0.0005227 s
I/O: 0.0081283 s
Computation: 0.0079353 s