Overhead: 0.0003321 s
I/O: 0.0046601 s
Computation: 0.0010764 s