Overhead: 0.0004679 s
I/O: 0.0125299 s
Computation: 0.0294256 s