Overhead: 0.000425 s
I/O: 0.0083282 s
Computation: 0.0103198 s