Overhead: 0.0007064 s
I/O: 0.163632 s
Computation: 0.0497132 s