Overhead: 0.00037 s
I/O: 0.0044253 s
Computation: 0.0012244 s