Overhead: 0.0004073 s
I/O: 0.0066395 s
Computation: 0.0015573 s