Overhead: 0.0005207 s
I/O: 0.0094526 s
Computation: 0.0118688 s