Overhead: 0.0003589 s
I/O: 0.0071403 s
Computation: 0.0011444 s