Overhead: 0.0004117 s
I/O: 0.0074985 s
Computation: 0.0011688 s