Overhead: 0.0005336 s
I/O: 0.0022049 s
Computation: 0.0933396 s