Overhead: 0.0006516 s
I/O: 0.0082541 s
Computation: 0.0057595 s