Overhead: 0.0006242 s
I/O: 0.152442 s
Computation: 0.0293771 s