Overhead: 0.0003934 s
I/O: 0.0027403 s
Computation: 0.013616 s