Overhead: 0.0003462 s
I/O: 0.0033181 s
Computation: 0.0106293 s