Overhead: 0.0003334 s
I/O: 0.0070348 s
Computation: 0.0078992 s