Overhead: 0.0005463 s
I/O: 0.0260013 s
Computation: 0.262285 s