Overhead: 0.0004778 s
I/O: 0.0079054 s
Computation: 0.0084252 s