Overhead: 0.0006073 s
I/O: 0.0050715 s
Computation: 0.0018231 s