Overhead: 0.0006917 s
I/O: 0.0114854 s
Computation: 0.0055329 s