Overhead: 0.0005155 s
I/O: 0.0172318 s
Computation: 0.0624588 s