Overhead: 0.0011411 s
I/O: 0.0307865 s
Computation: 0.0243135 s