Overhead: 0.0003537 s
I/O: 0.007416 s
Computation: 0.0171497 s