Overhead: 0.0005057 s
I/O: 0.0193415 s
Computation: 0.0073274 s