Overhead: 0.0005587 s
I/O: 0.0188149 s
Computation: 0.0027329 s