Overhead: 0.0005701 s
I/O: 0.0081408 s
Computation: 0.0055002 s