Overhead: 0.0004191 s
I/O: 0.0102385 s
Computation: 0.013032 s