Overhead: 0.0005269 s
I/O: 0.0050335 s
Computation: 0.0069387 s