Overhead: 0.0005066 s
I/O: 0.0098722 s
Computation: 0.0025847 s