Overhead: 0.0003892 s
I/O: 0.0043046 s
Computation: 0.0012276 s