Overhead: 0.0004961 s
I/O: 0.0107768 s
Computation: 0.0151408 s