Overhead: 0.0004434 s
I/O: 0.0047721 s
Computation: 0.001235 s