Overhead: 0.0005787 s
I/O: 0.0071833 s
Computation: 0.0057059 s