Overhead: 0.0004511 s
I/O: 0.0043613 s
Computation: 0.0107668 s