Overhead: 0.0004363 s
I/O: 0.0063108 s
Computation: 0.0011365 s