Overhead: 0.0006322 s
I/O: 0.0100762 s
Computation: 0.0063427 s