Overhead: 0.0005223 s
I/O: 0.0160916 s
Computation: 0.0193186 s