Overhead: 0.00054 s
I/O: 0.0100136 s
Computation: 0.0066341 s