Overhead: 0.0003763 s
I/O: 0.0008532 s
Computation: 0.0038875 s