Overhead: 0.0005639 s
I/O: 0.0077997 s
Computation: 0.0055925 s