Overhead: 0.0004089 s
I/O: 0.004046 s
Computation: 0.0012042 s