Overhead: 0.0004514 s
I/O: 0.012631 s
Computation: 0.0308267 s