Overhead: 0.0004322 s
I/O: 0.0061858 s
Computation: 0.001221 s