Overhead: 0.0004717 s
I/O: 0.004431 s
Computation: 0.0013389 s