Overhead: 0.0005427 s
I/O: 0.0054983 s
Computation: 0.018986 s