Overhead: 0.0003769 s
I/O: 0.0041261 s
Computation: 0.0011603 s