Overhead: 0.0003916 s
I/O: 0.0044649 s
Computation: 0.0010778 s