Overhead: 0.0003395 s
I/O: 0.0042475 s
Computation: 0.0011188 s