Overhead: 0.0003521 s
I/O: 0.00821 s
Computation: 0.0013065 s