Overhead: 0.0003318 s
I/O: 0.0070936 s
Computation: 0.0126795 s