Overhead: 0.0004201 s
I/O: 0.0009682 s
Computation: 0.0163782 s