Overhead: 0.0005681 s
I/O: 0.0222758 s
Computation: 0.0252696 s