Overhead: 0.0003308 s
I/O: 0.0062554 s
Computation: 0.0013444 s