Overhead: 0.0005751 s
I/O: 0.0086399 s
Computation: 0.0202451 s