Overhead: 0.0006761 s
I/O: 0.0148374 s
Computation: 0.0056162 s