Overhead: 0.0004095 s
I/O: 0.0042474 s
Computation: 0.0012926 s