Overhead: 0.0003377 s
I/O: 0.0008693 s
Computation: 0.0016011 s