Overhead: 0.000434 s
I/O: 0.0100277 s
Computation: 0.008808 s