Overhead: 0.0004349 s
I/O: 0.0184326 s
Computation: 0.106832 s