Overhead: 0.0005881 s
I/O: 0.0242505 s
Computation: 0.114344 s