Overhead: 0.0005709 s
I/O: 0.0095089 s
Computation: 0.0051838 s