Overhead: 0.0007918 s
I/O: 0.0203506 s
Computation: 0.0734614 s