Overhead: 0.0005206 s
I/O: 0.0008608 s
Computation: 0.016574 s