Overhead: 0.0003382 s
I/O: 0.0021454 s
Computation: 0.0097722 s