Overhead: 0.0007854 s
I/O: 0.0273681 s
Computation: 0.0077553 s