Overhead: 0.0004284 s
I/O: 0.0107381 s
Computation: 0.0027748 s