Overhead: 0.0005481 s
I/O: 0.0165182 s
Computation: 0.0172856 s