Overhead: 0.0003888 s
I/O: 0.0038978 s
Computation: 0.0012599 s