Overhead: 0.000361 s
I/O: 0.0078733 s
Computation: 0.0168203 s