Overhead: 0.0004296 s
I/O: 0.0042196 s
Computation: 0.0125692 s