Overhead: 0.0003701 s
I/O: 0.0081051 s
Computation: 0.0125983 s