Overhead: 0.0004578 s
I/O: 0.0116613 s
Computation: 0.0027692 s