Overhead: 0.0004332 s
I/O: 0.0063283 s
Computation: 0.0389535 s