Overhead: 0.0005514 s
I/O: 0.0096685 s
Computation: 0.0053664 s