Overhead: 0.0004867 s
I/O: 0.008489 s
Computation: 0.0048878 s