Overhead: 0.0003839 s
I/O: 0.0108311 s
Computation: 0.0150645 s