Overhead: 0.000402 s
I/O: 0.0053025 s
Computation: 0.0012536 s