Overhead: 0.0007051 s
I/O: 0.028119 s
Computation: 0.0199729 s