Overhead: 0.0006647 s
I/O: 0.0138489 s
Computation: 0.0250696 s