Overhead: 0.0004088 s
I/O: 0.002176 s
Computation: 0.0080683 s