Overhead: 0.0009096 s
I/O: 0.0236573 s
Computation: 0.0178392 s