Overhead: 0.0004841 s
I/O: 0.0100929 s
Computation: 0.0168867 s