Overhead: 0.0050171 s
I/O: 0.0719985 s
Computation: 0.0555604 s