Overhead: 0.0004763 s
I/O: 0.0178865 s
Computation: 0.256962 s