Overhead: 0.0005399 s
I/O: 0.0060418 s
Computation: 0.0021361 s