Overhead: 0.0006013 s
I/O: 0.0056605 s
Computation: 0.0017706 s