Overhead: 0.0004495 s
I/O: 0.0110016 s
Computation: 0.0026669 s