Overhead: 0.0004526 s
I/O: 0.0042564 s
Computation: 0.0012484 s