Overhead: 0.0004555 s
I/O: 0.0104656 s
Computation: 0.0024642 s