Overhead: 0.0004018 s
I/O: 0.0096673 s
Computation: 0.0023402 s