Overhead: 0.0005619 s
I/O: 0.0095283 s
Computation: 0.0050853 s