Overhead: 0.0003799 s
I/O: 0.0063987 s
Computation: 0.0015456 s