Overhead: 0.0004686 s
I/O: 0.0113359 s
Computation: 0.0149428 s