Overhead: 0.0004535 s
I/O: 0.0128891 s
Computation: 0.0092007 s