Overhead: 0.0006157 s
I/O: 0.0250304 s
Computation: 0.0075071 s