Overhead: 0.0005579 s
I/O: 0.149146 s
Computation: 0.0429154 s