Overhead: 0.0007603 s
I/O: 0.0187572 s
Computation: 0.007674 s