Overhead: 0.0003665 s
I/O: 0.0077736 s
Computation: 0.0132658 s