Overhead: 0.0003845 s
I/O: 0.004543 s
Computation: 0.0011998 s