Overhead: 0.0004783 s
I/O: 0.013314 s
Computation: 0.0190665 s