Overhead: 0.0005893 s
I/O: 0.0094792 s
Computation: 0.0058196 s