Overhead: 0.0004851 s
I/O: 0.0175948 s
Computation: 0.0756678 s