Overhead: 0.0003778 s
I/O: 0.0105826 s
Computation: 0.0024307 s