Overhead: 0.0006174 s
I/O: 0.0127686 s
Computation: 0.0062145 s