Overhead: 0.0004626 s
I/O: 0.018793 s
Computation: 0.105339 s