Overhead: 0.0003862 s
I/O: 0.0028218 s
Computation: 0.0093059 s