Overhead: 0.0004417 s
I/O: 0.0184418 s
Computation: 0.0113509 s