Overhead: 0.0004026 s
I/O: 0.0117767 s
Computation: 0.0100056 s