Overhead: 0.0004491 s
I/O: 0.0009968 s
Computation: 0.01794 s