Overhead: 0.0003848 s
I/O: 0.0064447 s
Computation: 0.0154043 s