Overhead: 0.0004407 s
I/O: 0.004363 s
Computation: 0.0186468 s