Overhead: 0.0004547 s
I/O: 0.0053946 s
Computation: 0.0012074 s