Overhead: 0.0003677 s
I/O: 0.0192572 s
Computation: 0.0049926 s