Overhead: 0.0003958 s
I/O: 0.0039969 s
Computation: 0.001169 s