Overhead: 0.0003854 s
I/O: 0.0016405 s
Computation: 0.0039843 s