Overhead: 0.0006216 s
I/O: 0.0092682 s
Computation: 0.0060276 s