Overhead: 0.0006962 s
I/O: 0.013346 s
Computation: 0.0072983 s