Overhead: 0.0004648 s
I/O: 0.012664 s
Computation: 0.0040699 s