Overhead: 0.0005769 s
I/O: 0.165102 s
Computation: 0.0293442 s