Overhead: 0.0004614 s
Computation: 0.0082443 s