Overhead: 0.0004058 s
I/O: 0.0103648 s
Computation: 0.0138506 s