Overhead: 0.0004865 s
I/O: 0.0126616 s
Computation: 0.0390057 s