Overhead: 0.0004196 s
I/O: 0.0073729 s
Computation: 0.0085591 s