Overhead: 0.000578 s
I/O: 0.0124619 s
Computation: 0.0322444 s