Overhead: 0.0006548 s
I/O: 0.0105603 s
Computation: 0.0061775 s