Overhead: 0.0005023 s
I/O: 0.0212153 s
Computation: 0.0735469 s