Overhead: 0.0005846 s
I/O: 0.0194307 s
Computation: 0.0062781 s