Overhead: 0.000372 s
I/O: 0.0039354 s
Computation: 0.0011422 s