Overhead: 0.0004088 s
I/O: 0.0047092 s
Computation: 0.0012531 s