Overhead: 0.0006417 s
I/O: 0.181845 s
Computation: 0.0570262 s