Overhead: 0.0004333 s
I/O: 0.0058261 s
Computation: 0.0011198 s