Overhead: 0.0005158 s
I/O: 0.147017 s
Computation: 0.0280082 s