Overhead: 0.0005598 s
I/O: 0.0559775 s
Computation: 0.0095765 s