Overhead: 0.000492 s
I/O: 0.0164171 s
Computation: 0.123508 s