Overhead: 0.0005694 s
I/O: 0.142244 s
Computation: 0.0478147 s