Overhead: 0.0004079 s
Computation: 0.0078834 s