Overhead: 0.0005334 s
I/O: 0.0195086 s
Computation: 0.0361398 s