Overhead: 0.0004569 s
I/O: 0.0153308 s
Computation: 0.106462 s