Overhead: 0.0005457 s
I/O: 0.0310159 s
Computation: 0.0180853 s