Overhead: 0.0004487 s
I/O: 0.0106981 s
Computation: 0.0024476 s