Overhead: 0.0005758 s
I/O: 0.0098496 s
Computation: 0.0526769 s