Overhead: 0.0004006 s
I/O: 0.0097265 s
Computation: 0.0024213 s