Overhead: 0.000482 s
I/O: 0.0103357 s
Computation: 0.0533547 s