Overhead: 0.0005197 s
I/O: 0.0124989 s
Computation: 0.0058113 s