Overhead: 0.0003925 s
Computation: 0.0078153 s