Overhead: 0.0004812 s
I/O: 0.011695 s
Computation: 0.0025586 s