Overhead: 0.0005096 s
I/O: 0.0009984 s
Computation: 0.0164561 s