Overhead: 0.0004606 s
I/O: 0.0049872 s
Computation: 0.0012645 s