Overhead: 0.0005107 s
I/O: 0.0050189 s
Computation: 0.0237472 s