Overhead: 0.0006548 s
I/O: 0.0104194 s
Computation: 0.006136 s