Overhead: 0.0005083 s
I/O: 0.0104007 s
Computation: 0.0221194 s