Overhead: 0.0006975 s
I/O: 0.0161919 s
Computation: 0.0173231 s