Overhead: 0.0004858 s
I/O: 0.0085964 s
Computation: 0.0050673 s