Overhead: 0.0003676 s
I/O: 0.0096371 s
Computation: 0.0153769 s