Overhead: 0.0006187 s
I/O: 0.0088944 s
Computation: 0.0050791 s