Overhead: 0.0008014 s
I/O: 0.0080459 s
Computation: 0.0140907 s