Overhead: 0.0005446 s
I/O: 0.0011082 s
Computation: 0.0200721 s