Overhead: 0.0007671 s
I/O: 0.0137554 s
Computation: 0.0204454 s