Overhead: 0.0003759 s
I/O: 0.0082658 s
Computation: 0.0127197 s