Overhead: 0.0005873 s
I/O: 0.125841 s
Computation: 0.168482 s