Overhead: 0.0005129 s
I/O: 0.0219485 s
Computation: 0.0466732 s