Overhead: 0.0004601 s
I/O: 0.0113528 s
Computation: 0.0031331 s