Overhead: 0.0006456 s
I/O: 0.0151776 s
Computation: 0.0175443 s