Overhead: 0.0003657 s
I/O: 0.0082748 s
Computation: 0.0144521 s