Overhead: 0.0004181 s
I/O: 0.0047547 s
Computation: 0.0012638 s