Overhead: 0.0003877 s
I/O: 0.0009646 s
Computation: 0.0022523 s