Overhead: 0.0004808 s
I/O: 0.0104518 s
Computation: 0.0026661 s