Overhead: 0.0007067 s
I/O: 0.0101419 s
Computation: 0.0059666 s