Overhead: 0.0007617 s
I/O: 0.0265915 s
Computation: 0.0080851 s