Overhead: 0.0006695 s
I/O: 0.0104191 s
Computation: 0.0056096 s