Overhead: 0.0004937 s
I/O: 0.001478 s
Computation: 0.0193555 s