Overhead: 0.0004838 s
I/O: 0.0048023 s
Computation: 0.0032956 s