Overhead: 0.0004449 s
I/O: 0.0108017 s
Computation: 0.0184341 s