Overhead: 0.0004888 s
I/O: 0.0088313 s
Computation: 0.0047586 s