Overhead: 0.0004051 s
I/O: 0.0099409 s
Computation: 0.0024153 s