Overhead: 0.0005657 s
I/O: 0.142948 s
Computation: 0.369172 s