Overhead: 0.0003977 s
I/O: 0.0120233 s
Computation: 0.0584976 s