Overhead: 0.0004175 s
I/O: 0.0097606 s
Computation: 0.0135043 s