Overhead: 0.0004962 s
I/O: 0.0024233 s
Computation: 0.0102596 s