Overhead: 0.0003823 s
I/O: 0.0105846 s
Computation: 0.0146619 s