Overhead: 0.0004948 s
I/O: 0.008314 s
Computation: 0.0060582 s