Overhead: 0.0005544 s
I/O: 0.0193666 s
Computation: 0.0519382 s