Overhead: 0.0004989 s
I/O: 0.0157829 s
Computation: 0.0030115 s