Overhead: 0.0005554 s
I/O: 0.0171434 s
Computation: 0.0396731 s