Overhead: 0.0004343 s
I/O: 0.0101832 s
Computation: 0.0159646 s