Overhead: 0.0004409 s
I/O: 0.0101264 s
Computation: 0.013366 s