Overhead: 0.0004615 s
I/O: 0.0170242 s
Computation: 0.0494788 s