Overhead: 0.0004321 s
I/O: 0.0112468 s
Computation: 0.0026087 s