Overhead: 0.0005233 s
I/O: 0.0013228 s
Computation: 0.0212679 s