Overhead: 0.0004679 s
I/O: 0.0010173 s
Computation: 0.0195764 s