Overhead: 0.0005157 s
I/O: 0.0073075 s
Computation: 0.001633 s