Overhead: 0.0006576 s
I/O: 0.0134248 s
Computation: 0.0253295 s