Overhead: 0.0006404 s
I/O: 0.0105711 s
Computation: 0.0957314 s