Overhead: 0.0004949 s
I/O: 0.0046786 s
Computation: 0.0014591 s