Overhead: 0.0005417 s
I/O: 0.0140457 s
Computation: 0.0025816 s