Overhead: 0.0004403 s
I/O: 0.004196 s
Computation: 0.0012372 s