Overhead: 0.0003841 s
I/O: 0.0047148 s
Computation: 0.0011768 s