Overhead: 0.0006297 s
I/O: 0.0214766 s
Computation: 0.018546 s