Overhead: 0.0003918 s
I/O: 0.0043678 s
Computation: 0.0187443 s