Overhead: 0.0006823 s
I/O: 0.0157105 s
Computation: 0.0179634 s