Overhead: 0.000619 s
I/O: 0.0084405 s
Computation: 0.0133062 s