Overhead: 0.0005517 s
I/O: 0.0102889 s
Computation: 0.0251013 s