Overhead: 0.0004329 s
I/O: 0.0051026 s
Computation: 0.0184783 s