Overhead: 0.000474 s
I/O: 0.0186643 s
Computation: 0.0855465 s