Overhead: 0.0003952 s
I/O: 0.0047615 s
Computation: 0.0012164 s