Overhead: 0.0005408 s
I/O: 0.0023192 s
Computation: 0.0178666 s