Overhead: 0.0004214 s
I/O: 0.0053867 s
Computation: 0.0013235 s