Overhead: 0.0003549 s
I/O: 0.0046408 s
Computation: 0.0012882 s