Overhead: 0.0004416 s
I/O: 0.0045918 s
Computation: 0.0194086 s