Overhead: 0.0004122 s
I/O: 0.0046145 s
Computation: 0.0011417 s