Overhead: 0.000568 s
I/O: 0.13187 s
Computation: 0.191674 s