Overhead: 0.0004844 s
I/O: 0.0083498 s
Computation: 0.0046459 s