Overhead: 0.000517 s
I/O: 0.008884 s
Computation: 0.005632 s