Overhead: 0.0006078 s
I/O: 0.0073799 s
Computation: 0.0059904 s