Overhead: 0.0005769 s
I/O: 0.0086194 s
Computation: 0.0067852 s