Overhead: 0.0003714 s
I/O: 0.0104128 s
Computation: 0.0148115 s