Overhead: 0.0005233 s
I/O: 0.0062156 s
Computation: 0.0015598 s