Overhead: 0.0004629 s
I/O: 0.000612 s
Computation: 0.0069539 s