Overhead: 0.0005574 s
I/O: 0.0092952 s
Computation: 0.0051822 s