Overhead: 0.0005932 s
I/O: 0.0073504 s
Computation: 0.0081158 s