Overhead: 0.0004412 s
I/O: 0.0121213 s
Computation: 0.0371979 s