Overhead: 0.000452 s
I/O: 0.0075373 s
Computation: 0.0013697 s