Overhead: 0.0004006 s
I/O: 0.0086409 s
Computation: 0.0072165 s