Overhead: 0.0004313 s
I/O: 0.0130489 s
Computation: 0.0514578 s