Overhead: 0.000538 s
I/O: 0.008027 s
Computation: 0.0140838 s