Overhead: 0.0006101 s
I/O: 0.0134844 s
Computation: 0.0053026 s