Overhead: 0.0003865 s
I/O: 0.0127509 s
Computation: 0.0232377 s