Overhead: 0.0005249 s
I/O: 0.0019722 s
Computation: 0.0056292 s