Overhead: 0.0004304 s
I/O: 0.0051775 s
Computation: 0.0013409 s