Overhead: 0.0005665 s
I/O: 0.0130688 s
Computation: 0.0060553 s