Overhead: 0.0003509 s
I/O: 0.0077012 s
Computation: 0.0093497 s