Overhead: 0.0004154 s
I/O: 0.0063681 s
Computation: 0.001393 s