Overhead: 0.0003926 s
I/O: 0.0044348 s
Computation: 0.0016281 s