Overhead: 0.0005377 s
I/O: 0.0081548 s
Computation: 0.0921326 s