Overhead: 0.0005158 s
I/O: 0.0084608 s
Computation: 0.0051155 s