Overhead: 0.0004519 s
I/O: 0.0046971 s
Computation: 0.0012615 s