Overhead: 0.0006034 s
I/O: 0.0130012 s
Computation: 0.0061892 s