Overhead: 0.0006111 s
I/O: 0.0075257 s
Computation: 0.0019156 s