Overhead: 0.0004973 s
I/O: 0.0049417 s
Computation: 0.0013148 s