Overhead: 0.000375 s
I/O: 0.0041239 s
Computation: 0.001212 s