Overhead: 0.0005106 s
I/O: 0.0070016 s
Computation: 0.0413436 s