Overhead: 0.0004321 s
I/O: 0.0021025 s
Computation: 0.0831571 s