Overhead: 0.0003822 s
I/O: 0.0058267 s
Computation: 0.0012873 s