Overhead: 0.0006073 s
I/O: 0.0046453 s
Computation: 0.0016879 s