Overhead: 0.0005019 s
I/O: 0.0180848 s
Computation: 0.0852138 s