Overhead: 0.0003998 s
I/O: 0.0065763 s
Computation: 0.0011376 s