Overhead: 0.0004836 s
I/O: 0.0043885 s
Computation: 0.0013468 s