Overhead: 0.0005403 s
I/O: 0.0139556 s
Computation: 0.0184281 s