Overhead: 0.0004939 s
I/O: 0.0117638 s
Computation: 0.0025706 s