Overhead: 0.000375 s
I/O: 0.0038667 s
Computation: 0.0011974 s