Overhead: 0.0004299 s
I/O: 0.0024362 s
Computation: 0.0105027 s