Overhead: 0.0004928 s
I/O: 0.0101421 s
Computation: 0.0055867 s