Overhead: 0.0004657 s
I/O: 0.0131394 s
Computation: 0.0023688 s