Overhead: 0.0004586 s
I/O: 0.0117358 s
Computation: 0.0565432 s