Overhead: 0.0005586 s
I/O: 0.274249 s
Computation: 0.465591 s