Overhead: 0.0003644 s
I/O: 0.0025004 s
Computation: 0.0087339 s