Overhead: 0.0003537 s
I/O: 0.0075388 s
Computation: 0.0132271 s