Overhead: 0.0004794 s
I/O: 0.000845 s
Computation: 0.0175477 s