Overhead: 0.0004982 s
I/O: 0.0316366 s
Computation: 0.0082814 s