Overhead: 0.0004115 s
I/O: 0.0046498 s
Computation: 0.0026119 s