Overhead: 0.0005548 s
I/O: 0.0190098 s
Computation: 0.247965 s