Overhead: 0.0003442 s
I/O: 0.0087249 s
Computation: 0.0011964 s