Overhead: 0.0006796 s
I/O: 0.0120778 s
Computation: 0.0140975 s