Overhead: 0.0005921 s
I/O: 0.021978 s
Computation: 0.0232185 s