Overhead: 0.0004704 s
I/O: 0.0103257 s
Computation: 0.0149249 s