Overhead: 0.0004276 s
I/O: 0.0008677 s
Computation: 0.0175972 s