Overhead: 0.0004988 s
I/O: 0.0160886 s
Computation: 0.0178116 s