Overhead: 0.0004467 s
I/O: 0.0058131 s
Computation: 0.0012598 s