Overhead: 0.0005949 s
I/O: 0.0050266 s
Computation: 0.0014525 s