Overhead: 0.000474 s
I/O: 0.0050324 s
Computation: 0.0012597 s