Overhead: 0.0005504 s
I/O: 0.0088866 s
Computation: 0.0055632 s