Overhead: 0.0004657 s
I/O: 0.0055563 s
Computation: 0.0013536 s