Overhead: 0.0004898 s
I/O: 0.0130133 s
Computation: 0.0024906 s