Overhead: 0.0005839 s
I/O: 0.167665 s
Computation: 0.0488235 s