Overhead: 0.0007308 s
I/O: 0.0109677 s
Computation: 0.0132053 s