Overhead: 0.0003603 s
I/O: 0.0045115 s
Computation: 0.00122 s