Overhead: 0.0003896 s
I/O: 0.0041849 s
Computation: 0.0188682 s