Overhead: 0.0004429 s
I/O: 0.0277187 s
Computation: 0.0027688 s