Overhead: 0.0005719 s
I/O: 0.0183759 s
Computation: 0.0214773 s