Overhead: 0.0007861 s
I/O: 0.162174 s
Computation: 0.0319383 s