Overhead: 0.0004068 s
I/O: 0.0046705 s
Computation: 0.0011902 s