Overhead: 0.0003775 s
I/O: 0.0039313 s
Computation: 0.0012988 s