Overhead: 0.0011547 s
I/O: 0.17052 s
Computation: 0.143783 s