Overhead: 0.0004489 s
I/O: 0.0013892 s
Computation: 0.0143813 s