Overhead: 0.0005276 s
I/O: 0.0140706 s
Computation: 0.0404148 s