Overhead: 0.0004516 s
I/O: 0.0047867 s
Computation: 0.0013468 s