Overhead: 0.0005387 s
I/O: 0.0135785 s
Computation: 0.0027829 s