Overhead: 0.0005907 s
I/O: 0.0213405 s
Computation: 0.0710796 s