Overhead: 0.0004573 s
I/O: 0.01524 s
Computation: 0.0524469 s