Overhead: 0.0005106 s
I/O: 0.0189045 s
Computation: 0.112561 s