Overhead: 0.0003382 s
I/O: 0.0134154 s
Computation: 0.0080525 s