Overhead: 0.000531 s
I/O: 0.0133239 s
Computation: 0.0153957 s