Overhead: 0.0004333 s
I/O: 0.0121427 s
Computation: 0.0028003 s