Overhead: 0.0003887 s
I/O: 0.0088609 s
Computation: 0.0091076 s