Overhead: 0.0006192 s
I/O: 0.0113254 s
Computation: 0.0054406 s