Overhead: 0.0005569 s
I/O: 0.116264 s
Computation: 0.13203 s