Overhead: 0.0008078 s
I/O: 0.0140594 s
Computation: 0.0125853 s