Overhead: 0.0005206 s
I/O: 0.0116451 s
Computation: 0.0026978 s