Overhead: 0.0003826 s
I/O: 0.0103419 s
Computation: 0.0161408 s