Overhead: 0.0003788 s
I/O: 0.0027252 s
Computation: 0.0104488 s