Overhead: 0.0004766 s
I/O: 0.0081094 s
Computation: 0.0050773 s