Overhead: 0.0002974 s
I/O: 0.0019173 s
Computation: 0.0055358 s