Overhead: 0.0003801 s
I/O: 0.0063369 s
Computation: 0.0011604 s