Overhead: 0.0004256 s
I/O: 0.0108635 s
Computation: 0.0141048 s