Overhead: 0.0004056 s
I/O: 0.0039692 s
Computation: 0.0013315 s