Overhead: 0.0004397 s
I/O: 0.0043317 s
Computation: 0.0011958 s