Overhead: 0.0003962 s
I/O: 0.0111802 s
Computation: 0.0022937 s