Overhead: 0.000556 s
I/O: 0.00656 s
Computation: 0.0053027 s