Overhead: 0.0004089 s
I/O: 0.0046026 s
Computation: 0.0011116 s