Overhead: 0.000522 s
I/O: 0.0071228 s
Computation: 0.0080218 s