Overhead: 0.0004835 s
I/O: 0.0189674 s
Computation: 0.114867 s