Overhead: 0.0005535 s
I/O: 0.0165735 s
Computation: 0.0479565 s