Overhead: 0.0004427 s
I/O: 0.0079038 s
Computation: 0.0014035 s