Overhead: 0.0003571 s
I/O: 0.0104907 s
Computation: 0.0011789 s