Overhead: 0.0005471 s
I/O: 0.0095461 s
Computation: 0.0050014 s