Overhead: 0.0005919 s
I/O: 0.0210258 s
Computation: 0.0076404 s