Overhead: 0.0003855 s
I/O: 0.0066186 s
Computation: 0.0015005 s