Overhead: 0.0003729 s
I/O: 0.0076928 s
Computation: 0.0073696 s