Overhead: 0.0003993 s
I/O: 0.0055101 s
Computation: 0.0011705 s