Overhead: 0.0006419 s
I/O: 0.0090654 s
Computation: 0.0056839 s