Overhead: 0.0004475 s
I/O: 0.0100345 s
Computation: 0.0142446 s