Overhead: 0.0003692 s
I/O: 0.0042995 s
Computation: 0.0012482 s