Overhead: 0.000599 s
I/O: 0.153932 s
Computation: 0.0301601 s