Overhead: 0.0003828 s
I/O: 0.0080513 s
Computation: 0.0099696 s