Overhead: 0.0004013 s
I/O: 0.0022092 s
Computation: 0.01152 s