Overhead: 0.0004519 s
I/O: 0.0122776 s
Computation: 0.0042858 s