Overhead: 0.0004078 s
I/O: 0.0078651 s
Computation: 0.0112984 s