Overhead: 0.0004086 s
I/O: 0.0115379 s
Computation: 0.194469 s