Overhead: 0.0003794 s
I/O: 0.0028995 s
Computation: 0.012444 s