Overhead: 0.000453 s
I/O: 0.010508 s
Computation: 0.015005 s