Overhead: 0.0004476 s
I/O: 0.0144293 s
Computation: 0.002392 s