Overhead: 0.0004079 s
I/O: 0.0046292 s
Computation: 0.0011648 s