Overhead: 0.0004182 s
I/O: 0.0068512 s
Computation: 0.0011951 s