Overhead: 0.0005618 s
I/O: 0.0281559 s
Computation: 0.018062 s