Overhead: 0.0003371 s
I/O: 0.0133373 s
Computation: 0.0092107 s