Overhead: 0.0005107 s
I/O: 0.0162459 s
Computation: 0.0399018 s