Overhead: 0.0003737 s
I/O: 0.0093625 s
Computation: 0.0140987 s