Overhead: 0.0005849 s
I/O: 0.0130805 s
Computation: 0.0055279 s