Overhead: 0.0005094 s
I/O: 0.0099292 s
Computation: 0.002343 s