Overhead: 0.001115 s
I/O: 0.0059007 s
Computation: 0.0265706 s