Overhead: 0.0005665 s
I/O: 0.0097081 s
Computation: 0.0055315 s