Overhead: 0.0005456 s
I/O: 0.0158876 s
Computation: 0.123089 s