Overhead: 0.0006446 s
I/O: 0.0240192 s
Computation: 0.0070584 s