Overhead: 0.0005087 s
I/O: 0.0070991 s
Computation: 0.0011375 s