Overhead: 0.0004941 s
I/O: 0.0142952 s
Computation: 0.0080184 s