Overhead: 0.0006219 s
I/O: 0.0067738 s
Computation: 0.005835 s