Overhead: 0.0004157 s
I/O: 0.0032472 s
Computation: 0.0082582 s