Overhead: 0.0005754 s
I/O: 0.001363 s
Computation: 0.0041378 s