Overhead: 0.0004051 s
I/O: 0.0043429 s
Computation: 0.0012531 s