Overhead: 0.0004033 s
I/O: 0.0036491 s
Computation: 0.0178053 s