Overhead: 0.0003353 s
I/O: 0.0218899 s
Computation: 0.138669 s