Overhead: 0.0004227 s
I/O: 0.0018445 s
Computation: 0.0756762 s