Overhead: 0.0004693 s
I/O: 0.0072249 s
Computation: 0.0054935 s