Overhead: 0.0004282 s
I/O: 0.0114211 s
Computation: 0.0025665 s