Overhead: 0.0004245 s
I/O: 0.0073423 s
Computation: 0.012239 s