Overhead: 0.0005612 s
I/O: 0.0162693 s
Computation: 0.0153203 s