Overhead: 0.0003388 s
I/O: 0.0079593 s
Computation: 0.0091959 s