Overhead: 0.000391 s
I/O: 0.0100397 s
Computation: 0.0024903 s