Overhead: 0.0004564 s
I/O: 0.0157447 s
Computation: 0.03758 s