Overhead: 0.0004189 s
I/O: 0.0068307 s
Computation: 0.0013109 s