Overhead: 0.000427 s
I/O: 0.0131151 s
Computation: 0.0177182 s