Overhead: 0.0003598 s
I/O: 0.0036927 s
Computation: 0.0011218 s