Overhead: 0.0004321 s
I/O: 0.0084409 s
Computation: 0.0018283 s