Overhead: 0.0006612 s
I/O: 0.0050039 s
Computation: 0.0190292 s