Overhead: 0.0003433 s
I/O: 0.0041982 s
Computation: 0.0010959 s