Overhead: 0.000401 s
I/O: 0.004832 s
Computation: 0.0011987 s