Overhead: 0.0005571 s
I/O: 0.0239245 s
Computation: 0.018281 s