Overhead: 0.0004148 s
I/O: 0.0069532 s
Computation: 0.0011645 s