Overhead: 0.0005217 s
I/O: 0.0201857 s
Computation: 0.0078658 s