Overhead: 0.0004728 s
I/O: 0.0077295 s
Computation: 0.0194421 s