Overhead: 0.0006213 s
I/O: 0.0122456 s
Computation: 0.0033124 s