Overhead: 0.0003495 s
Computation: 0.0069172 s