Overhead: 0.0008549 s
I/O: 0.0098098 s
Computation: 0.020696 s