Overhead: 0.0004054 s
I/O: 0.001012 s
Computation: 0.0174861 s