Overhead: 0.0004638 s
I/O: 0.0194656 s
Computation: 0.0549175 s