Overhead: 0.0003632 s
I/O: 0.007886 s
Computation: 0.0158737 s