Overhead: 0.0004076 s
I/O: 0.0034967 s
Computation: 0.0012511 s