Overhead: 0.0005254 s
I/O: 0.027511 s
Computation: 0.52232 s