Overhead: 0.0005132 s
I/O: 0.008757 s
Computation: 0.0049462 s