Overhead: 0.0007247 s
I/O: 0.0126059 s
Computation: 0.0055757 s