Overhead: 0.0003802 s
Computation: 0.0109451 s