Overhead: 0.0004128 s
I/O: 0.0107701 s
Computation: 0.0110615 s