Overhead: 0.0005207 s
I/O: 0.0050431 s
Computation: 0.732847 s