Overhead: 0.0005368 s
I/O: 0.140209 s
Computation: 0.0289195 s