Overhead: 0.0006654 s
I/O: 0.0085973 s
Computation: 0.009039 s