Overhead: 0.0004788 s
I/O: 0.012855 s
Computation: 0.006558 s