Overhead: 0.0004226 s
I/O: 0.0101182 s
Computation: 0.0025132 s