Overhead: 0.0003806 s
I/O: 0.0046789 s
Computation: 0.0011536 s