Overhead: 0.0004123 s
I/O: 0.0115444 s
Computation: 0.0163514 s