Overhead: 0.000458 s
I/O: 0.0008868 s
Computation: 0.0186123 s