Overhead: 0.0004672 s
I/O: 0.0097287 s
Computation: 0.0136205 s