Overhead: 0.0003979 s
I/O: 0.0070165 s
Computation: 0.0013968 s