Overhead: 0.000598 s
I/O: 0.0199728 s
Computation: 0.0209776 s