Overhead: 0.0004451 s
I/O: 0.0132486 s
Computation: 0.0234958 s