Overhead: 0.0003921 s
I/O: 0.0023928 s
Computation: 0.00859 s