Overhead: 0.0006158 s
I/O: 0.0255947 s
Computation: 0.0259283 s