Overhead: 0.0005901 s
I/O: 0.157139 s
Computation: 0.0318583 s