Overhead: 0.0006914 s
I/O: 0.0109899 s
Computation: 0.809068 s