Overhead: 0.0003968 s
I/O: 0.0011665 s
Computation: 0.0042531 s