Overhead: 0.0005715 s
I/O: 0.0121474 s
Computation: 0.0255286 s