Overhead: 0.0007176 s
I/O: 0.0140125 s
Computation: 0.0199633 s