Overhead: 0.0004526 s
I/O: 0.0205311 s
Computation: 0.111765 s