Overhead: 0.0008641 s
I/O: 0.0096379 s
Computation: 0.0165465 s