Overhead: 0.0006225 s
I/O: 0.0259511 s
Computation: 0.0086197 s