Overhead: 0.0003608 s
I/O: 0.0050913 s
Computation: 0.0012976 s