Overhead: 0.0004586 s
I/O: 0.011718 s
Computation: 0.0447279 s