Overhead: 0.0004172 s
I/O: 0.0130144 s
Computation: 0.0023871 s