Overhead: 0.0005731 s
I/O: 0.0207301 s
Computation: 0.0954698 s