Overhead: 0.0006051 s
I/O: 0.0121586 s
Computation: 0.005999 s