Overhead: 0.0006547 s
I/O: 0.0194319 s
Computation: 0.0086972 s