Overhead: 0.0004093 s
I/O: 0.0045122 s
Computation: 0.0013206 s