Overhead: 0.0006966 s
I/O: 0.007956 s
Computation: 0.0143943 s