Overhead: 0.0004329 s
I/O: 0.0090484 s
Computation: 0.008086 s