Overhead: 0.000864 s
I/O: 0.0229973 s
Computation: 0.0454811 s