Overhead: 0.0005382 s
I/O: 0.0232782 s
Computation: 0.0491064 s