Overhead: 0.0005323 s
I/O: 0.022975 s
Computation: 0.0865342 s