Overhead: 0.0004102 s
I/O: 0.0042752 s
Computation: 0.0012836 s