Overhead: 0.0007804 s
I/O: 0.0101568 s
Computation: 0.0060254 s