Overhead: 0.0005007 s
I/O: 0.011245 s
Computation: 0.192222 s