Overhead: 0.0004627 s
I/O: 0.0096507 s
Computation: 0.0035032 s