Overhead: 0.0004573 s
I/O: 0.0024393 s
Computation: 0.0101364 s