Overhead: 0.000546 s
I/O: 0.0135166 s
Computation: 0.0025659 s