Overhead: 0.0007334 s
I/O: 0.0100904 s
Computation: 0.0123411 s