Overhead: 0.0004927 s
I/O: 0.0161206 s
Computation: 0.004183 s