Overhead: 0.0004582 s
I/O: 0.0106062 s
Computation: 0.015695 s