Overhead: 0.0026231 s
I/O: 0.0080096 s
Computation: 0.0334637 s