Overhead: 0.0005279 s
I/O: 0.0132735 s
Computation: 0.005813 s