Overhead: 0.0005496 s
I/O: 0.0301298 s
Computation: 0.0113951 s