Overhead: 0.0003513 s
I/O: 0.0073097 s
Computation: 0.0082304 s