Overhead: 0.0004444 s
I/O: 0.0075558 s
Computation: 0.012098 s