Overhead: 0.0004351 s
I/O: 0.0081693 s
Computation: 0.0960498 s