Overhead: 0.0006839 s
I/O: 0.0100611 s
Computation: 0.0183923 s