Overhead: 0.0006304 s
I/O: 0.170915 s
Computation: 0.0289778 s