Overhead: 0.0003909 s
I/O: 0.0044342 s
Computation: 0.0011547 s