Overhead: 0.0006938 s
I/O: 0.0305012 s
Computation: 0.0500936 s