Overhead: 0.0004435 s
I/O: 0.0128356 s
Computation: 0.0214233 s