Overhead: 0.0005175 s
I/O: 0.130243 s
Computation: 0.232581 s