Overhead: 0.0006189 s
I/O: 0.0202059 s
Computation: 0.0739893 s