Overhead: 0.0008351 s
I/O: 0.0095534 s
Computation: 0.0065486 s