Overhead: 0.0004857 s
I/O: 0.008241 s
Computation: 0.331202 s