Overhead: 0.0005765 s
I/O: 0.156623 s
Computation: 0.0631759 s