Overhead: 0.0003702 s
I/O: 0.0303923 s
Computation: 0.130777 s