Overhead: 0.0004749 s
I/O: 0.0070949 s
Computation: 0.0058225 s