Overhead: 0.0004502 s
I/O: 0.0063829 s
Computation: 0.0011855 s