Overhead: 0.0004273 s
I/O: 0.0008907 s
Computation: 0.0218166 s