Overhead: 0.0004573 s
I/O: 0.0077274 s
Computation: 0.0012215 s