Overhead: 0.0003758 s
I/O: 0.0042562 s
Computation: 0.0012287 s