Overhead: 0.0004224 s
I/O: 0.0098176 s
Computation: 0.0195745 s