Overhead: 0.0006222 s
I/O: 0.0380135 s
Computation: 0.0084819 s