Overhead: 0.0004811 s
I/O: 0.0089154 s
Computation: 0.0737281 s