Overhead: 0.0007507 s
I/O: 0.0024123 s
Computation: 0.0667201 s