Overhead: 0.0003819 s
I/O: 0.0008351 s
Computation: 0.0042639 s