Overhead: 0.0006499 s
I/O: 0.0093287 s
Computation: 0.0058017 s