Overhead: 0.0005599 s
I/O: 0.0094345 s
Computation: 0.0068435 s