Overhead: 0.0005604 s
I/O: 0.0083666 s
Computation: 0.0054018 s