Overhead: 0.0004527 s
I/O: 0.0007692 s
Computation: 0.0144624 s