Overhead: 0.0005939 s
I/O: 0.0104882 s
Computation: 0.0059299 s