Overhead: 0.000421 s
I/O: 0.0081675 s
Computation: 0.0086878 s