Overhead: 0.0004292 s
I/O: 0.0087246 s
Computation: 0.0099423 s