Overhead: 0.0006535 s
I/O: 0.173611 s
Computation: 0.0449872 s