Overhead: 0.0004644 s
I/O: 0.0135903 s
Computation: 0.0942795 s