Overhead: 0.0003949 s
I/O: 0.0101513 s
Computation: 0.0151837 s