Overhead: 0.0005815 s
I/O: 0.0232976 s
Computation: 0.0254969 s