Overhead: 0.0003693 s
I/O: 0.0023571 s
Computation: 0.0074843 s