Overhead: 0.00054 s
I/O: 0.0126431 s
Computation: 0.0358773 s