Overhead: 0.0005838 s
I/O: 0.160947 s
Computation: 0.04265 s