Overhead: 0.0005596 s
I/O: 0.0193266 s
Computation: 0.0546885 s