Overhead: 0.0003373 s
I/O: 0.0072059 s
Computation: 0.0139183 s