Overhead: 0.0003915 s
I/O: 0.0043553 s
Computation: 0.0012127 s