Overhead: 0.0007874 s
I/O: 0.0104026 s
Computation: 0.0772573 s