Overhead: 0.0006878 s
I/O: 0.0108763 s
Computation: 0.0062053 s