Overhead: 0.0004166 s
I/O: 0.0104436 s
Computation: 0.0158387 s