Overhead: 0.0004194 s
I/O: 0.0117163 s
Computation: 0.0203557 s