Overhead: 0.0006217 s
I/O: 0.0547067 s
Computation: 0.0304262 s