Overhead: 0.0003549 s
I/O: 0.001654 s
Computation: 0.0047725 s