Overhead: 0.0012341 s
I/O: 0.0100276 s
Computation: 0.0143812 s