Overhead: 0.0003935 s
I/O: 0.0060846 s
Computation: 0.0015866 s