Overhead: 0.0005287 s
I/O: 0.0242539 s
Computation: 0.0073292 s