Overhead: 0.0004203 s
I/O: 0.0059676 s
Computation: 0.0011074 s