Overhead: 0.0003713 s
I/O: 0.0040117 s
Computation: 0.0011694 s