Overhead: 0.000524 s
I/O: 0.165609 s
Computation: 0.032896 s