Overhead: 0.0003637 s
I/O: 0.0041546 s
Computation: 0.0011672 s