Overhead: 0.0005843 s
I/O: 0.0197445 s
Computation: 0.054728 s