Overhead: 0.0003842 s
I/O: 0.0040934 s
Computation: 0.0011945 s