Overhead: 0.0004019 s
I/O: 0.0101619 s
Computation: 0.0151607 s