Overhead: 0.0006615 s
I/O: 0.0264527 s
Computation: 0.010055 s