Overhead: 0.0004639 s
I/O: 0.0126611 s
Computation: 0.0335128 s