Overhead: 0.0005447 s
I/O: 0.137338 s
Computation: 0.336954 s