Overhead: 0.0003865 s
I/O: 0.0032353 s
Computation: 0.0092364 s