Overhead: 0.0003587 s
I/O: 0.0045884 s
Computation: 0.0011216 s