Overhead: 0.0003938 s
I/O: 0.0037509 s
Computation: 0.0194401 s