Overhead: 0.0005035 s
I/O: 0.132613 s
Computation: 0.33835 s