Overhead: 0.0005049 s
I/O: 0.0105695 s
Computation: 0.0024952 s