Overhead: 0.0004377 s
I/O: 0.0032097 s
Computation: 0.0073882 s