Overhead: 0.0006356 s
I/O: 0.0145713 s
Computation: 0.0228719 s