Overhead: 0.0004125 s
I/O: 0.0052421 s
Computation: 0.0126362 s