Overhead: 0.0003494 s
I/O: 0.0037763 s
Computation: 0.0023009 s