Overhead: 0.0004744 s
I/O: 0.0185857 s
Computation: 0.0511945 s