Overhead: 0.0006032 s
I/O: 0.0141827 s
Computation: 0.0024151 s