Overhead: 0.0008064 s
I/O: 0.197029 s
Computation: 0.0853485 s