Overhead: 0.0004307 s
I/O: 0.0095219 s
Computation: 0.0091865 s