Overhead: 0.0004753 s
I/O: 0.0115005 s
Computation: 0.0452331 s