Overhead: 0.0003914 s
I/O: 0.0083187 s
Computation: 0.0150374 s