Overhead: 0.000476 s
I/O: 0.0137734 s
Computation: 0.0061662 s