Overhead: 0.0004418 s
I/O: 0.0119565 s
Computation: 0.0298822 s