Overhead: 0.0003498 s
I/O: 0.0041166 s
Computation: 0.0024082 s