Overhead: 0.0005809 s
I/O: 0.008895 s
Computation: 0.0059893 s