Overhead: 0.0004234 s
I/O: 0.0008145 s
Computation: 0.0174179 s