Overhead: 0.0005057 s
I/O: 0.0098039 s
Computation: 0.0051406 s