Overhead: 0.000366 s
I/O: 0.0007856 s
Computation: 0.0041325 s