Overhead: 0.0004294 s
I/O: 0.0109838 s
Computation: 0.0496721 s