Overhead: 0.000568 s
I/O: 0.0239125 s
Computation: 0.583587 s