Overhead: 0.0007548 s
I/O: 0.0010667 s
Computation: 0.0192875 s