Overhead: 0.0004113 s
I/O: 0.0117188 s
Computation: 0.032886 s