Overhead: 0.0004828 s
I/O: 0.0117032 s
Computation: 0.0032057 s