Overhead: 0.0003553 s
I/O: 0.0028168 s
Computation: 0.0042983 s