Overhead: 0.0007326 s
I/O: 0.146397 s
Computation: 0.0315595 s