Overhead: 0.0004631 s
I/O: 0.0090104 s
Computation: 0.0046175 s