Overhead: 0.000658 s
I/O: 0.176181 s
Computation: 0.0316548 s