Overhead: 0.0003801 s
I/O: 0.0115633 s
Computation: 0.04489 s