Overhead: 0.0004115 s
I/O: 0.0074068 s
Computation: 0.0148074 s