Overhead: 0.0005274 s
I/O: 0.0088953 s
Computation: 0.0050669 s