Overhead: 0.0004838 s
I/O: 0.0058578 s
Computation: 0.0011558 s