Overhead: 0.0004842 s
I/O: 0.014773 s
Computation: 0.0197956 s