Overhead: 0.0003494 s
I/O: 0.0040988 s
Computation: 0.0024661 s