Overhead: 0.0003591 s
I/O: 0.0043141 s
Computation: 0.0011354 s