Overhead: 0.0033269 s
I/O: 0.0409969 s
Computation: 0.0328897 s