Overhead: 0.0009277 s
I/O: 0.0086623 s
Computation: 0.0089035 s