Overhead: 0.0004755 s
I/O: 0.0116513 s
Computation: 0.0158855 s