Overhead: 0.0005287 s
I/O: 0.0054177 s
Computation: 0.693704 s