Overhead: 0.0005007 s
I/O: 0.0142691 s
Computation: 0.0024536 s