Overhead: 0.0003843 s
I/O: 0.0095922 s
Computation: 0.0023359 s