Overhead: 0.0004001 s
I/O: 0.0085806 s
Computation: 0.0124407 s