Overhead: 0.0004771 s
I/O: 0.0108632 s
Computation: 0.0043842 s