Overhead: 0.0006102 s
I/O: 0.0073845 s
Computation: 0.0154018 s