Overhead: 0.0005379 s
I/O: 0.0154612 s
Computation: 0.0183629 s