Overhead: 0.0007508 s
I/O: 0.0052321 s
Computation: 0.0021422 s