Overhead: 0.0004943 s
I/O: 0.0185521 s
Computation: 0.123729 s