Overhead: 0.0005321 s
I/O: 0.0069512 s
Computation: 0.0012618 s