Overhead: 0.0006228 s
I/O: 0.0101395 s
Computation: 0.0051472 s