Overhead: 0.000513 s
I/O: 0.0154994 s
Computation: 0.0194596 s