Overhead: 0.0005037 s
I/O: 0.0205725 s
Computation: 0.0480541 s