Overhead: 0.0005255 s
I/O: 0.0088441 s
Computation: 0.0064888 s