Overhead: 0.0003811 s
I/O: 0.0086574 s
Computation: 0.0156208 s