Overhead: 0.0005168 s
I/O: 0.0174977 s
Computation: 0.203908 s