Overhead: 0.0003756 s
I/O: 0.0109357 s
Computation: 0.0205695 s