Overhead: 0.0005616 s
I/O: 0.008905 s
Computation: 0.00537 s