Overhead: 0.000552 s
I/O: 0.142068 s
Computation: 0.36031 s