Overhead: 0.00048 s
I/O: 0.0135599 s
Computation: 0.0160164 s