Overhead: 0.0005849 s
I/O: 0.240547 s
Computation: 0.44499 s