Overhead: 0.0002856 s
I/O: 0.0008122 s
Computation: 0.0059996 s