Overhead: 0.0006326 s
I/O: 0.0062696 s
Computation: 0.0015495 s