Overhead: 0.0004239 s
I/O: 0.0042577 s
Computation: 0.0176701 s