Overhead: 0.0005729 s
I/O: 0.14353 s
Computation: 0.031532 s