Overhead: 0.0005501 s
I/O: 0.0045547 s
Computation: 0.690422 s