Overhead: 0.0004344 s
I/O: 0.0053856 s
Computation: 0.0012443 s