Overhead: 0.0004291 s
I/O: 0.0051311 s
Computation: 0.0012169 s