Overhead: 0.0004923 s
I/O: 0.0120036 s
Computation: 0.006389 s