Overhead: 0.0003494 s
I/O: 0.0041657 s
Computation: 0.0014207 s