Overhead: 0.0005681 s
I/O: 0.0150888 s
Computation: 0.0221992 s