Overhead: 0.0003791 s
I/O: 0.0039095 s
Computation: 0.0689358 s