Overhead: 0.0003489 s
I/O: 0.0024623 s
Computation: 0.0086152 s