Overhead: 0.0004081 s
I/O: 0.0129376 s
Computation: 0.0200487 s