Overhead: 0.0007811 s
I/O: 0.169771 s
Computation: 0.0442551 s