Overhead: 0.0004311 s
I/O: 0.0081742 s
Computation: 0.0165918 s