Overhead: 0.0004289 s
I/O: 0.0050638 s
Computation: 0.0013669 s