Overhead: 0.0004634 s
I/O: 0.0088716 s
Computation: 0.0149636 s