Overhead: 0.0005941 s
I/O: 0.0334954 s
Computation: 0.0090623 s