Overhead: 0.0004651 s
I/O: 0.0115904 s
Computation: 0.0764605 s