Overhead: 0.0005481 s
I/O: 0.0257926 s
Computation: 0.0127463 s