Overhead: 0.0006548 s
I/O: 0.0125746 s
Computation: 0.0246951 s