Overhead: 0.0005624 s
I/O: 0.0161524 s
Computation: 0.0202396 s