Overhead: 0.0006079 s
I/O: 0.0109097 s
Computation: 0.0027888 s