Overhead: 0.000404 s
I/O: 0.0038816 s
Computation: 0.0187672 s