Overhead: 0.0005603 s
I/O: 0.0557666 s
Computation: 0.0119959 s