Overhead: 0.0004864 s
I/O: 0.011735 s
Computation: 0.0029126 s