Overhead: 0.0003917 s
I/O: 0.004068 s
Computation: 0.0012822 s