Overhead: 0.000531 s
I/O: 0.0091937 s
Computation: 0.0160306 s