Overhead: 0.0005225 s
I/O: 0.0201541 s
Computation: 0.990254 s