Overhead: 0.0003732 s
I/O: 0.0067111 s
Computation: 0.0011563 s