Overhead: 0.0004028 s
I/O: 0.0074861 s
Computation: 0.0085875 s