Overhead: 0.0003837 s
I/O: 0.0045948 s
Computation: 0.0011577 s