Overhead: 0.0004044 s
I/O: 0.0104994 s
Computation: 0.022557 s