Overhead: 0.0005288 s
I/O: 0.0081562 s
Computation: 0.0049687 s