Overhead: 0.000518 s
I/O: 0.002264 s
Computation: 0.0174296 s