Overhead: 0.000526 s
I/O: 0.0091791 s
Computation: 0.0072383 s