Overhead: 0.0004309 s
I/O: 0.0015992 s
Computation: 0.0291407 s