Overhead: 0.0004443 s
I/O: 0.01188 s
Computation: 0.0802912 s