Overhead: 0.0005674 s
I/O: 0.0095117 s
Computation: 0.0062839 s