Overhead: 0.0005929 s
I/O: 0.0231553 s
Computation: 0.110442 s