Overhead: 0.0005479 s
I/O: 0.0092139 s
Computation: 0.0047298 s