Overhead: 0.0004165 s
I/O: 0.0009465 s
Computation: 0.0047189 s