Overhead: 0.0003915 s
I/O: 0.0047743 s
Computation: 0.0011363 s