Overhead: 0.0003552 s
I/O: 0.0077142 s
Computation: 0.0077009 s