Overhead: 0.0003352 s
I/O: 0.0024496 s
Computation: 0.0064879 s