Overhead: 0.0005919 s
I/O: 0.0087108 s
Computation: 0.0150043 s