Overhead: 0.0005692 s
I/O: 0.0152391 s
Computation: 15.2183 s