Overhead: 0.0004415 s
I/O: 0.000838 s
Computation: 0.0168029 s