Overhead: 0.0004287 s
I/O: 0.0087793 s
Computation: 0.0129796 s