Overhead: 0.0004643 s
I/O: 0.0117589 s
Computation: 0.0133939 s