Overhead: 0.0005192 s
I/O: 0.0025779 s
Computation: 0.021646 s