Overhead: 0.0004799 s
I/O: 0.0038662 s
Computation: 0.0105738 s