Overhead: 0.0003935 s
I/O: 0.0042123 s
Computation: 0.0012309 s