Overhead: 0.0003691 s
I/O: 0.008369 s
Computation: 0.0153052 s