Overhead: 0.0006194 s
I/O: 0.0127099 s
Computation: 0.0033859 s