Overhead: 0.0006697 s
I/O: 0.0126538 s
Computation: 0.0081095 s