Overhead: 0.0004439 s
I/O: 0.00552 s
Computation: 0.0013046 s