Overhead: 0.0006501 s
I/O: 0.011821 s
Computation: 0.0341553 s