Overhead: 0.0004837 s
I/O: 0.0085702 s
Computation: 0.0088895 s