Overhead: 0.0007006 s
I/O: 0.0157737 s
Computation: 0.0069421 s