Overhead: 0.0005173 s
I/O: 0.0066234 s
Computation: 0.0074655 s