Overhead: 0.0006076 s
I/O: 0.0089569 s
Computation: 0.0056861 s