Overhead: 0.0004976 s
I/O: 0.0072082 s
Computation: 0.0048609 s