Overhead: 0.0003914 s
I/O: 0.0008986 s
Computation: 0.0039949 s