Overhead: 0.0003839 s
I/O: 0.0067416 s
Computation: 0.0011065 s