Overhead: 0.0004355 s
I/O: 0.0104178 s
Computation: 0.0196854 s