Overhead: 0.0006826 s
I/O: 0.0097228 s
Computation: 0.0042525 s