Overhead: 0.0005857 s
I/O: 0.0093856 s
Computation: 0.0077621 s