Overhead: 0.0003821 s
I/O: 0.0038547 s
Computation: 0.0011824 s