Overhead: 0.0005481 s
I/O: 0.0137814 s
Computation: 0.0040206 s