Overhead: 0.0005086 s
I/O: 0.0098077 s
Computation: 0.0026592 s