Overhead: 0.0003876 s
I/O: 0.004222 s
Computation: 0.0011594 s