Overhead: 0.0006626 s
I/O: 0.0136164 s
Computation: 0.0061727 s