Overhead: 0.0006015 s
I/O: 0.0095969 s
Computation: 0.0054446 s