Overhead: 0.0004136 s
I/O: 0.0111558 s
Computation: 0.0177195 s