Overhead: 0.0004493 s
I/O: 0.0101833 s
Computation: 0.0023416 s