Overhead: 0.0005298 s
I/O: 0.0165618 s
Computation: 0.0068362 s