Overhead: 0.0005388 s
I/O: 0.0066603 s
Computation: 0.0050473 s