Overhead: 0.0003255 s
I/O: 0.0037625 s
Computation: 0.0014459 s