Overhead: 0.0003327 s
I/O: 0.0009233 s
Computation: 0.005898 s