Overhead: 0.0006701 s
I/O: 0.0204231 s
Computation: 0.0689519 s