Overhead: 0.000478 s
I/O: 0.006683 s
Computation: 0.0055058 s