Overhead: 0.0005513 s
I/O: 0.0086286 s
Computation: 0.0054591 s