Overhead: 0.0006358 s
I/O: 0.0096921 s
Computation: 0.0057366 s