Overhead: 0.0003484 s
I/O: 0.007833 s
Computation: 0.0176885 s