Overhead: 0.0003553 s
I/O: 0.0006735 s
Computation: 0.0037672 s