Overhead: 0.000415 s
I/O: 0.0084116 s
Computation: 0.0089295 s