Overhead: 0.0004577 s
I/O: 0.0118448 s
Computation: 0.0298652 s