Overhead: 0.0006543 s
I/O: 0.00738 s
Computation: 0.0054143 s