Overhead: 0.0003703 s
Computation: 0.0066632 s