Overhead: 0.0005737 s
I/O: 0.0126788 s
Computation: 0.0063056 s