Overhead: 0.0003814 s
I/O: 0.0047948 s
Computation: 0.0154255 s