Overhead: 0.0003941 s
I/O: 0.0088317 s
Computation: 0.0170606 s