Overhead: 0.0005328 s
I/O: 0.0084116 s
Computation: 0.0048466 s