Overhead: 0.0004046 s
I/O: 0.0094772 s
Computation: 0.0138018 s