Overhead: 0.0003281 s
Computation: 0.0065947 s