Overhead: 0.0003788 s
I/O: 0.0041569 s
Computation: 0.0011969 s