Overhead: 0.0003415 s
I/O: 0.0072948 s
Computation: 0.0011943 s