Overhead: 0.0009665 s
I/O: 0.10302 s
Computation: 0.23486 s