Overhead: 0.0003727 s
I/O: 0.003462 s
Computation: 0.0011213 s