Overhead: 0.0005694 s
I/O: 0.0093388 s
Computation: 0.0052613 s