Overhead: 0.0004902 s
I/O: 0.0113918 s
Computation: 0.184665 s