Overhead: 0.0005921 s
I/O: 0.0206141 s
Computation: 0.0489767 s