Overhead: 0.0004769 s
I/O: 0.0072899 s
Computation: 0.0058401 s