Overhead: 0.0005052 s
I/O: 0.0096424 s
Computation: 0.0111029 s