Overhead: 0.0005855 s
I/O: 0.0102614 s
Computation: 0.0054428 s