Overhead: 0.0005032 s
I/O: 0.0142833 s
Computation: 0.0025855 s