Overhead: 0.0005332 s
I/O: 0.0301843 s
Computation: 0.0081863 s