Overhead: 0.0003782 s
I/O: 0.002128 s
Computation: 0.0024119 s