Overhead: 0.0004422 s
I/O: 0.0162774 s
Computation: 0.895892 s