Overhead: 0.0003812 s
I/O: 0.0079655 s
Computation: 0.0125797 s