Overhead: 0.0004807 s
I/O: 0.0067782 s
Computation: 0.0011721 s