Overhead: 0.0003624 s
Computation: 0.007082 s