Overhead: 0.00056 s
I/O: 0.0092163 s
Computation: 0.019813 s