Overhead: 0.0003848 s
I/O: 0.0045482 s
Computation: 0.0011579 s