Overhead: 0.0005162 s
I/O: 0.0126451 s
Computation: 0.062189 s