Overhead: 0.0004416 s
I/O: 0.0099151 s
Computation: 0.0024962 s