Overhead: 0.000508 s
I/O: 0.0134689 s
Computation: 0.0641176 s