Overhead: 0.0004194 s
I/O: 0.0048308 s
Computation: 0.0011745 s