Overhead: 0.000371 s
I/O: 0.0025718 s
Computation: 0.0119162 s