Overhead: 0.000474 s
I/O: 0.0210574 s
Computation: 0.111255 s