Overhead: 0.0004314 s
I/O: 0.0103444 s
Computation: 0.201546 s