Overhead: 0.0005141 s
I/O: 0.0153681 s
Computation: 0.0109419 s