Overhead: 0.0004889 s
I/O: 0.0105435 s
Computation: 0.0150675 s