Overhead: 0.0003854 s
I/O: 0.0061171 s
Computation: 0.00138 s