Overhead: 0.0005367 s
I/O: 0.0162388 s
Computation: 0.0153724 s