Overhead: 0.0005186 s
I/O: 0.131476 s
Computation: 0.367745 s