Overhead: 0.0004616 s
I/O: 0.0123293 s
Computation: 0.0321598 s