Overhead: 0.0003687 s
I/O: 0.0044132 s
Computation: 0.0011866 s