Overhead: 0.0004686 s
I/O: 0.0043001 s
Computation: 0.001353 s