Overhead: 0.0004114 s
I/O: 0.0108649 s
Computation: 0.0223508 s