Overhead: 0.0005714 s
I/O: 0.0097752 s
Computation: 0.0050878 s