Overhead: 0.0007065 s
I/O: 0.190554 s
Computation: 0.0506429 s