Overhead: 0.00043 s
I/O: 0.0078197 s
Computation: 0.0089818 s