Overhead: 0.0005093 s
I/O: 0.0100858 s
Computation: 0.0999268 s