Overhead: 0.0005337 s
I/O: 0.150251 s
Computation: 0.0295448 s