Overhead: 0.0007355 s
I/O: 0.009295 s
Computation: 0.0087039 s