Overhead: 0.000577 s
I/O: 0.145898 s
Computation: 0.0289449 s