Overhead: 0.0005118 s
I/O: 0.0191414 s
Computation: 1.08069 s