Overhead: 0.0004887 s
I/O: 0.0129829 s
Computation: 0.0025034 s