Overhead: 0.0003842 s
I/O: 0.0077111 s
Computation: 0.0012014 s