Overhead: 0.0004899 s
I/O: 0.0149253 s
Computation: 0.0437218 s