Overhead: 0.0003378 s
I/O: 0.0022423 s
Computation: 0.0049815 s