Overhead: 0.0006289 s
I/O: 0.0062771 s
Computation: 0.0015854 s