Overhead: 0.000516 s
I/O: 0.0150647 s
Computation: 0.0190309 s