Overhead: 0.0004475 s
I/O: 0.013256 s
Computation: 0.0684634 s