Overhead: 0.0004386 s
I/O: 0.0054968 s
Computation: 0.0028295 s