Overhead: 0.000487 s
I/O: 0.0141041 s
Computation: 0.0072676 s