Overhead: 0.0004958 s
I/O: 0.0091091 s
Computation: 0.0058037 s