Overhead: 0.0004 s
I/O: 0.0029424 s
Computation: 0.0092394 s