Overhead: 0.0004117 s
I/O: 0.004425 s
Computation: 0.0062938 s