Overhead: 0.0007129 s
I/O: 0.0015713 s
Computation: 0.0664288 s