Overhead: 0.0006235 s
I/O: 0.023815 s
Computation: 0.101613 s