Overhead: 0.0003873 s
I/O: 0.0044556 s
Computation: 0.0012023 s