Overhead: 0.0006585 s
I/O: 0.150075 s
Computation: 0.389343 s