Overhead: 0.0004885 s
I/O: 0.0103267 s
Computation: 0.0025334 s