Overhead: 0.0005516 s
I/O: 0.0084221 s
Computation: 0.0079785 s