Overhead: 0.0003759 s
I/O: 0.0041603 s
Computation: 0.001232 s