Overhead: 0.0004425 s
I/O: 0.010157 s
Computation: 0.0447634 s