Overhead: 0.0004329 s
I/O: 0.0105883 s
Computation: 0.0161067 s