Overhead: 0.0004868 s
I/O: 0.0193006 s
Computation: 0.127414 s