Overhead: 0.0010101 s
I/O: 0.0015639 s
Computation: 0.0085522 s