Overhead: 0.0005395 s
I/O: 0.135789 s
Computation: 0.358663 s