Overhead: 0.0004519 s
I/O: 0.0177908 s
Computation: 0.119881 s