Overhead: 0.0003385 s
I/O: 0.0287253 s
Computation: 0.146611 s