Overhead: 0.0003657 s
I/O: 0.0078495 s
Computation: 0.0090193 s