Overhead: 0.0004249 s
I/O: 0.0085902 s
Computation: 0.0072114 s