Overhead: 0.000367 s
I/O: 0.007667 s
Computation: 0.0093187 s