Overhead: 0.0005191 s
I/O: 0.01123 s
Computation: 0.0027462 s