Overhead: 0.0003881 s
I/O: 0.0040432 s
Computation: 0.0195676 s