Overhead: 0.0004044 s
I/O: 0.0082303 s
Computation: 0.0145802 s