Overhead: 0.0003651 s
I/O: 0.0033318 s
Computation: 0.0011215 s