Overhead: 0.000596 s
I/O: 0.0062841 s
Computation: 0.0048763 s