Overhead: 0.0003105 s
I/O: 0.0066063 s
Computation: 0.0011526 s