Overhead: 0.0006478 s
I/O: 0.0188486 s
Computation: 0.0533737 s