Overhead: 0.0004526 s
I/O: 0.0097617 s
Computation: 0.0014962 s