Overhead: 0.0004949 s
I/O: 0.0151205 s
Computation: 0.0180335 s