Overhead: 0.0005659 s
I/O: 0.00968 s
Computation: 0.0062672 s