Overhead: 0.0005653 s
I/O: 0.0159813 s
Computation: 0.118232 s