Overhead: 0.0005484 s
I/O: 0.0062859 s
Computation: 0.0015336 s