Overhead: 0.0004513 s
I/O: 0.0178894 s
Computation: 0.112811 s