Overhead: 0.0003898 s
I/O: 0.0043612 s
Computation: 0.0011318 s