Overhead: 0.0005961 s
I/O: 0.0074201 s
Computation: 0.0057029 s