Overhead: 0.0003849 s
I/O: 0.0046335 s
Computation: 0.0010819 s