Overhead: 0.0005933 s
I/O: 0.0160145 s
Computation: 0.00777 s