Overhead: 0.0004089 s
I/O: 0.0061238 s
Computation: 0.0014261 s