Overhead: 0.000555 s
I/O: 0.0091869 s
Computation: 0.0050896 s