Overhead: 0.0005501 s
I/O: 0.0037658 s
Computation: 0.121497 s