Overhead: 0.0004872 s
I/O: 0.0133366 s
Computation: 0.0184039 s