Overhead: 0.0004078 s
I/O: 0.0100925 s
Computation: 0.0024445 s