Overhead: 0.0004575 s
I/O: 0.0098071 s
Computation: 0.0035726 s