Overhead: 0.000426 s
I/O: 0.0011256 s
Computation: 0.0044949 s