Overhead: 0.0005203 s
I/O: 0.0137512 s
Computation: 0.0150811 s