Overhead: 0.0004594 s
I/O: 0.0008429 s
Computation: 0.0145092 s