Overhead: 0.0012083 s
I/O: 0.0319972 s
Computation: 0.0404418 s