Overhead: 0.0004017 s
I/O: 0.0052756 s
Computation: 0.0012398 s