Overhead: 0.0003753 s
I/O: 0.0109077 s
Computation: 0.0025333 s