Overhead: 0.0004361 s
I/O: 0.0047934 s
Computation: 0.0132368 s