Overhead: 0.0006653 s
I/O: 0.011301 s
Computation: 0.0176968 s