Overhead: 0.0005733 s
I/O: 0.0088755 s
Computation: 0.0083708 s