Overhead: 0.0004078 s
I/O: 0.0011729 s
Computation: 0.0162855 s