Overhead: 0.0004663 s
I/O: 0.0117724 s
Computation: 0.0302872 s