Overhead: 0.000437 s
I/O: 0.0099455 s
Computation: 0.0024556 s