Overhead: 0.0003882 s
I/O: 0.0008601 s
Computation: 0.0069844 s