Overhead: 0.0003774 s
Computation: 0.007596 s