Overhead: 0.000513 s
I/O: 0.169959 s
Computation: 0.0290807 s