Overhead: 0.0005345 s
I/O: 0.0055194 s
Computation: 0.0031097 s