Overhead: 0.0004094 s
I/O: 0.0043619 s
Computation: 0.0186515 s