Overhead: 0.0003853 s
I/O: 0.0043805 s
Computation: 0.0012053 s