Overhead: 0.0004078 s
I/O: 0.0100421 s
Computation: 0.0130822 s