Overhead: 0.0007007 s
I/O: 0.0013429 s
Computation: 0.0109517 s