Overhead: 0.0005386 s
I/O: 0.0023463 s
Computation: 0.019037 s