Overhead: 0.0004307 s
I/O: 0.0064087 s
Computation: 0.001191 s