Overhead: 0.0004882 s
I/O: 0.0126365 s
Computation: 0.0031311 s