Overhead: 0.0010139 s
I/O: 0.1045 s
Computation: 0.233951 s