Overhead: 0.0003914 s
I/O: 0.0070774 s
Computation: 0.001171 s