Overhead: 0.0003527 s
I/O: 0.0046572 s
Computation: 0.0023727 s