Overhead: 0.0003527 s
I/O: 0.0039933 s
Computation: 0.001192 s