Overhead: 0.0004277 s
I/O: 0.0123554 s
Computation: 0.0190931 s