Overhead: 0.0005552 s
I/O: 0.010073 s
Computation: 0.0052669 s