Overhead: 0.000572 s
I/O: 0.0095198 s
Computation: 0.0050843 s