Overhead: 0.0004256 s
I/O: 0.0109575 s
Computation: 0.0023785 s