Overhead: 0.0005369 s
I/O: 0.0111077 s
Computation: 0.0039879 s