Overhead: 0.0004759 s
I/O: 0.0156672 s
Computation: 0.0023928 s