Overhead: 0.0006182 s
I/O: 0.0111338 s
Computation: 0.055774 s