Overhead: 0.0005078 s
I/O: 0.0081435 s
Computation: 0.109634 s