Overhead: 0.0005811 s
I/O: 0.0152283 s
Computation: 0.0144081 s