Overhead: 0.0005919 s
I/O: 0.0100056 s
Computation: 0.0054226 s