Overhead: 0.0005334 s
I/O: 0.127795 s
Computation: 0.362173 s