Overhead: 0.0005909 s
I/O: 0.0089735 s
Computation: 0.0062273 s