Overhead: 0.000842 s
I/O: 0.0111459 s
Computation: 0.0058163 s