Overhead: 0.0007846 s
I/O: 0.147983 s
Computation: 0.0490529 s