Overhead: 0.000501 s
I/O: 0.140041 s
Computation: 0.324166 s