Overhead: 0.0003761 s
Computation: 0.0061781 s