Overhead: 0.0004545 s
I/O: 0.0116016 s
Computation: 0.043861 s