Overhead: 0.0007044 s
I/O: 0.0168357 s
Computation: 0.0066886 s