Overhead: 0.0003642 s
I/O: 0.0148169 s
Computation: 0.008912 s