Overhead: 0.0004941 s
I/O: 0.0120605 s
Computation: 0.0024269 s