Overhead: 0.0004401 s
I/O: 0.0158211 s
Computation: 0.008107 s