Overhead: 0.0005249 s
I/O: 0.008576 s
Computation: 0.0051692 s