Overhead: 0.0003995 s
I/O: 0.0080388 s
Computation: 0.010585 s