Overhead: 0.0004362 s
I/O: 0.0097518 s
Computation: 0.0023397 s