Overhead: 0.0003544 s
I/O: 0.0041753 s
Computation: 0.0015867 s