Overhead: 0.0005417 s
I/O: 0.0087955 s
Computation: 0.0052096 s