Overhead: 0.0003405 s
I/O: 0.007857 s
Computation: 0.0141172 s