Overhead: 0.0004849 s
I/O: 0.0043043 s
Computation: 0.0029681 s