Overhead: 0.0005152 s
I/O: 0.250804 s
Computation: 0.0991779 s