Overhead: 0.0005093 s
I/O: 0.0132122 s
Computation: 0.011246 s