Overhead: 0.0003629 s
I/O: 0.003899 s
Computation: 0.0011025 s