Overhead: 0.0004058 s
I/O: 0.0270778 s
Computation: 0.0103971 s