Overhead: 0.0004056 s
I/O: 0.0068883 s
Computation: 0.001315 s