Overhead: 0.0008057 s
I/O: 0.146521 s
Computation: 0.0529339 s