Overhead: 0.0003824 s
I/O: 0.005841 s
Computation: 0.0011405 s