Overhead: 0.0004047 s
I/O: 0.0085474 s
Computation: 0.0085444 s