Overhead: 0.0007851 s
I/O: 0.0290069 s
Computation: 0.107292 s