Overhead: 0.0006499 s
I/O: 0.0477737 s
Computation: 0.0100389 s