Overhead: 0.0005499 s
I/O: 0.0072422 s
Computation: 0.0055725 s