Overhead: 0.0004553 s
I/O: 0.0150137 s
Computation: 0.108394 s