Overhead: 0.0006581 s
I/O: 0.0051151 s
Computation: 0.0198115 s