Overhead: 0.0004633 s
I/O: 0.0010593 s
Computation: 0.0178172 s