Overhead: 0.0005519 s
I/O: 0.0083546 s
Computation: 0.004756 s