Overhead: 0.0006459 s
I/O: 0.0150269 s
Computation: 0.0074211 s