Overhead: 0.0004451 s
I/O: 0.0103692 s
Computation: 0.0132451 s