Overhead: 0.0004355 s
I/O: 0.0054617 s
Computation: 0.0012731 s