Overhead: 0.0006558 s
I/O: 0.0193926 s
Computation: 0.0082589 s