Overhead: 0.0005164 s
I/O: 0.0203789 s
Computation: 0.0512778 s