Overhead: 0.0006747 s
I/O: 0.0218573 s
Computation: 0.0520021 s