Overhead: 0.0006302 s
I/O: 0.0174772 s
Computation: 0.0033621 s