Overhead: 0.0006676 s
I/O: 0.0134247 s
Computation: 0.0150189 s