Overhead: 0.0004973 s
I/O: 0.0071769 s
Computation: 0.079962 s