Overhead: 0.0006005 s
I/O: 0.163246 s
Computation: 0.0480603 s