Overhead: 0.0004291 s
I/O: 0.0109708 s
Computation: 0.0533409 s