Overhead: 0.0005799 s
I/O: 0.0089399 s
Computation: 0.006372 s