Overhead: 0.000418 s
I/O: 0.0045359 s
Computation: 0.015777 s