Overhead: 0.0002945 s
I/O: 0.0067073 s
Computation: 0.0012892 s