Overhead: 0.0004979 s
I/O: 0.0087702 s
Computation: 0.005262 s