Overhead: 0.0004871 s
I/O: 0.0349116 s
Computation: 0.0079437 s