Overhead: 0.0005284 s
I/O: 0.0102744 s
Computation: 0.0200077 s