Overhead: 0.0005166 s
I/O: 0.0069764 s
Computation: 0.0053393 s