Overhead: 0.0005074 s
I/O: 0.0120713 s
Computation: 0.0031795 s