Overhead: 0.0003308 s
I/O: 0.0072533 s
Computation: 0.0088511 s