Overhead: 0.0005722 s
I/O: 0.0075805 s
Computation: 0.0150368 s