Overhead: 0.0005477 s
I/O: 0.0086542 s
Computation: 0.005672 s