Overhead: 0.0004337 s
I/O: 0.0007815 s
Computation: 0.0165732 s