Overhead: 0.0005289 s
I/O: 0.140929 s
Computation: 0.0288631 s