Overhead: 0.000428 s
I/O: 0.0072296 s
Computation: 0.0012184 s