Overhead: 0.0003361 s
I/O: 0.0066965 s
Computation: 0.0011215 s