Overhead: 0.0004398 s
I/O: 0.0178295 s
Computation: 0.0457598 s