Overhead: 0.0008018 s
I/O: 0.177008 s
Computation: 0.0651092 s