Overhead: 0.0004653 s
I/O: 0.0064794 s
Computation: 0.0013266 s