Overhead: 0.0005285 s
I/O: 0.0170396 s
Computation: 0.0109399 s