Overhead: 0.0007368 s
I/O: 0.0246927 s
Computation: 0.102967 s