Overhead: 0.0003853 s
I/O: 0.0043591 s
Computation: 0.0011626 s