Overhead: 0.0004883 s
I/O: 0.0099982 s
Computation: 0.0024447 s