Overhead: 0.0005561 s
I/O: 0.126899 s
Computation: 0.0497063 s