Overhead: 0.0002973 s
I/O: 0.0056731 s
Computation: 0.0011198 s