Overhead: 0.000385 s
I/O: 0.0048789 s
Computation: 0.0011399 s