Overhead: 0.0003497 s
I/O: 0.0072619 s
Computation: 0.0085114 s