Overhead: 0.000437 s
I/O: 0.0089806 s
Computation: 0.0039127 s