Overhead: 0.0003798 s
I/O: 0.0060514 s
Computation: 0.0011596 s