Overhead: 0.0005219 s
I/O: 0.0181751 s
Computation: 0.0071428 s