Overhead: 0.000338 s
I/O: 0.0072543 s
Computation: 0.0112411 s