Overhead: 0.0005897 s
I/O: 0.0373074 s
Computation: 0.0097006 s