Overhead: 0.0003976 s
I/O: 0.0094901 s
Computation: 0.014157 s