Overhead: 0.0003707 s
I/O: 0.0078903 s
Computation: 0.0141473 s