Overhead: 0.0003858 s
I/O: 0.0068913 s
Computation: 0.0100345 s