Overhead: 0.0005944 s
I/O: 0.0376286 s
Computation: 0.0086115 s