Overhead: 0.0005503 s
I/O: 0.0088038 s
Computation: 0.0054622 s