Overhead: 0.0004591 s
I/O: 0.011713 s
Computation: 0.0187081 s