Overhead: 0.0005686 s
I/O: 0.0060079 s
Computation: 0.0108866 s