Overhead: 0.0005586 s
I/O: 0.130881 s
Computation: 0.33904 s