Overhead: 0.0004331 s
I/O: 0.0102604 s
Computation: 0.0026136 s