Overhead: 0.0004718 s
I/O: 0.011812 s
Computation: 0.205314 s