Overhead: 0.0003641 s
I/O: 0.0093159 s
Computation: 0.0136783 s