Overhead: 0.000439 s
I/O: 0.0008756 s
Computation: 0.0173716 s