Overhead: 0.0004112 s
I/O: 0.0041301 s
Computation: 0.0011822 s