Overhead: 0.0008456 s
Computation: 0.0090111 s