Overhead: 0.0003875 s
I/O: 0.0046455 s
Computation: 0.0012096 s