Overhead: 0.0004776 s
I/O: 0.0069436 s
Computation: 0.0253934 s