Overhead: 0.0004512 s
I/O: 0.000961 s
Computation: 0.0168538 s