Overhead: 0.0008251 s
I/O: 0.0082615 s
Computation: 0.011944 s