Overhead: 0.0004182 s
I/O: 0.0084816 s
Computation: 0.0145169 s