Overhead: 0.0003696 s
I/O: 0.0028672 s
Computation: 0.0091533 s