Overhead: 0.0004024 s
I/O: 0.0027103 s
Computation: 0.0011689 s