Overhead: 0.000564 s
I/O: 0.016508 s
Computation: 0.0528512 s