Overhead: 0.0005264 s
I/O: 0.0051148 s
Computation: 0.0196316 s