Overhead: 0.0004767 s
I/O: 0.0048334 s
Computation: 0.0013376 s