Overhead: 0.0005109 s
I/O: 0.0063044 s
Computation: 0.0117758 s