Overhead: 0.000447 s
I/O: 0.0134172 s
Computation: 0.0988312 s