Overhead: 0.0005762 s
I/O: 0.0108831 s
Computation: 0.0056697 s