Overhead: 0.0005462 s
I/O: 0.0376518 s
Computation: 0.0093552 s