Overhead: 0.0004505 s
I/O: 0.0112535 s
Computation: 0.0110358 s