Overhead: 0.0006767 s
I/O: 0.285347 s
Computation: 0.530533 s