Overhead: 0.0004098 s
I/O: 0.0051108 s
Computation: 0.0145157 s