Overhead: 0.000579 s
I/O: 0.122989 s
Computation: 0.11371 s