Overhead: 0.0004221 s
I/O: 0.0175409 s
Computation: 0.118663 s