Overhead: 0.00049 s
I/O: 0.0084783 s
Computation: 0.0077871 s