Overhead: 0.0005377 s
I/O: 0.139329 s
Computation: 0.0430068 s