Overhead: 0.0005536 s
I/O: 0.152993 s
Computation: 0.0306822 s