Overhead: 0.0003951 s
I/O: 0.0081133 s
Computation: 0.0078887 s