Overhead: 0.0003946 s
Computation: 0.0080738 s