Overhead: 0.000422 s
I/O: 0.0140626 s
Computation: 0.020434 s