Overhead: 0.0004163 s
I/O: 0.0047075 s
Computation: 0.0011563 s