Overhead: 0.0003596 s
Computation: 0.0113289 s