Overhead: 0.0004289 s
I/O: 0.015241 s
Computation: 0.0473549 s