Overhead: 0.0006083 s
I/O: 0.0042654 s
Computation: 0.0084671 s