Overhead: 0.0004397 s
I/O: 0.0012849 s
Computation: 0.006038 s