Overhead: 0.0003696 s
I/O: 0.0023472 s
Computation: 0.0053726 s