Overhead: 0.0004084 s
I/O: 0.0008334 s
Computation: 0.0159602 s