Overhead: 0.0005158 s
I/O: 0.0074518 s
Computation: 0.0050328 s