Overhead: 0.0006278 s
I/O: 0.270934 s
Computation: 0.441787 s