Overhead: 0.0004608 s
I/O: 0.0104843 s
Computation: 0.0474387 s