Overhead: 0.0003924 s
I/O: 0.0042275 s
Computation: 0.0011238 s