Overhead: 0.0003553 s
I/O: 0.0043664 s
Computation: 0.0011457 s