Overhead: 0.00047 s
I/O: 0.0104308 s
Computation: 0.0194038 s