Overhead: 0.0004644 s
I/O: 0.0035501 s
Computation: 0.0181386 s