Overhead: 0.0005578 s
I/O: 0.009893 s
Computation: 0.0060962 s