Overhead: 0.0004491 s
I/O: 0.0033866 s
Computation: 0.0086301 s