Overhead: 0.0005934 s
I/O: 0.152194 s
Computation: 0.371318 s