Overhead: 0.0004429 s
I/O: 0.0121709 s
Computation: 0.0032749 s