Overhead: 0.0005643 s
I/O: 0.0149885 s
Computation: 0.0215397 s