Overhead: 0.0005018 s
I/O: 0.0133132 s
Computation: 0.0174247 s