Overhead: 0.000732 s
I/O: 0.0291462 s
Computation: 0.126252 s