Overhead: 0.0004321 s
I/O: 0.0117155 s
Computation: 0.0103039 s