Overhead: 0.0003654 s
I/O: 0.0047182 s
Computation: 0.0012292 s