Overhead: 0.0004674 s
I/O: 0.0119 s
Computation: 0.0299696 s