Overhead: 0.0003695 s
I/O: 0.0038963 s
Computation: 0.0011504 s