Overhead: 0.0004318 s
I/O: 0.0057955 s
Computation: 0.0013951 s