Overhead: 0.000424 s
I/O: 0.0102517 s
Computation: 0.002391 s