Overhead: 0.0003395 s
I/O: 0.007828 s
Computation: 0.0101201 s