Overhead: 0.0006063 s
I/O: 0.137335 s
Computation: 0.0298128 s