Overhead: 0.0003987 s
I/O: 0.0038225 s
Computation: 0.0015486 s