Overhead: 0.0005039 s
I/O: 0.0072433 s
Computation: 0.006334 s