Overhead: 0.0005923 s
I/O: 0.0056805 s
Computation: 0.0016165 s