Overhead: 0.0004123 s
I/O: 0.0029201 s
Computation: 0.0100898 s