Overhead: 0.0006024 s
I/O: 0.0009278 s
Computation: 0.0215443 s