Overhead: 0.0004839 s
I/O: 0.0118291 s
Computation: 0.194245 s