Overhead: 0.0004755 s
I/O: 0.0097187 s
Computation: 0.0023703 s