Overhead: 0.0003815 s
I/O: 0.0038829 s
Computation: 0.0024818 s