Overhead: 0.000514 s
I/O: 0.0072305 s
Computation: 0.001977 s