Overhead: 0.000451 s
I/O: 0.0130227 s
Computation: 0.016714 s