Overhead: 0.0004976 s
I/O: 0.0069842 s
Computation: 0.0059609 s