Overhead: 0.0003708 s
I/O: 0.0111427 s
Computation: 0.015846 s