Overhead: 0.0003804 s
I/O: 0.0102111 s
Computation: 0.0179596 s