Overhead: 0.0005838 s
I/O: 0.0092785 s
Computation: 0.0052203 s