Overhead: 0.0005229 s
I/O: 0.0007455 s
Computation: 0.0167656 s