Overhead: 0.0004079 s
I/O: 0.0082056 s
Computation: 0.0174834 s