Overhead: 0.0004962 s
I/O: 0.004704 s
Computation: 0.0170155 s