Overhead: 0.0004055 s
I/O: 0.0048072 s
Computation: 0.0012164 s