Overhead: 0.0005704 s
I/O: 0.118781 s
Computation: 0.173166 s