Overhead: 0.0003216 s
I/O: 0.0007691 s
Computation: 0.0017484 s