Overhead: 0.0003572 s
I/O: 0.0077005 s
Computation: 0.0109344 s