Overhead: 0.00057 s
I/O: 0.0076264 s
Computation: 0.0053783 s