Overhead: 0.0006256 s
I/O: 0.0112391 s
Computation: 0.0038868 s