Overhead: 0.0003609 s
I/O: 0.001318 s
Computation: 0.0066368 s