Overhead: 0.0003822 s
I/O: 0.0043478 s
Computation: 0.00126 s