Overhead: 0.0006022 s
I/O: 0.0095593 s
Computation: 0.0060667 s