Overhead: 0.0003348 s
I/O: 0.0016892 s
Computation: 0.0685897 s