Overhead: 0.0005341 s
I/O: 0.0214502 s
Computation: 0.435515 s