Overhead: 0.0004263 s
I/O: 0.0047877 s
Computation: 0.0174057 s