Overhead: 0.0004003 s
I/O: 0.0008136 s
Computation: 0.0162836 s