Overhead: 0.0005009 s
Computation: 0.0080826 s