Overhead: 0.0004615 s
I/O: 0.0130038 s
Computation: 0.041918 s