Overhead: 0.0003874 s
I/O: 0.003755 s
Computation: 0.0015277 s