Overhead: 0.0004968 s
I/O: 0.0095864 s
Computation: 0.0882257 s