Overhead: 0.0004797 s
I/O: 0.0046607 s
Computation: 0.0014369 s