Overhead: 0.0005133 s
I/O: 0.0048052 s
Computation: 0.0012347 s