Overhead: 0.0005271 s
I/O: 0.03115 s
Computation: 0.0082656 s