Overhead: 0.000544 s
I/O: 0.0095092 s
Computation: 0.0787588 s