Overhead: 0.0004856 s
I/O: 0.0083558 s
Computation: 0.0233454 s