Overhead: 0.0004974 s
I/O: 0.0133082 s
Computation: 0.0594571 s