Overhead: 0.0005139 s
I/O: 0.016181 s
Computation: 0.0418184 s