Overhead: 0.0005546 s
I/O: 0.0149887 s
Computation: 0.0388453 s