Overhead: 0.0003678 s
I/O: 0.0093225 s
Computation: 0.0148853 s