Overhead: 0.0005941 s
I/O: 0.0056931 s
Computation: 0.0012956 s