Overhead: 0.0004494 s
I/O: 0.0047118 s
Computation: 0.0012112 s