Overhead: 0.0005795 s
I/O: 0.148646 s
Computation: 0.0481957 s