Overhead: 0.0004816 s
I/O: 0.0199759 s
Computation: 0.108334 s