Overhead: 0.0004654 s
I/O: 0.0148594 s
Computation: 0.0058933 s