Overhead: 0.0004487 s
I/O: 0.0047847 s
Computation: 0.0201365 s