Overhead: 0.0004822 s
I/O: 0.0089448 s
Computation: 0.0198405 s