Overhead: 0.0005091 s
I/O: 0.0121523 s
Computation: 0.0023674 s