Overhead: 0.0003472 s
I/O: 0.0022581 s
Computation: 0.0096599 s