Overhead: 0.0006494 s
I/O: 0.0124463 s
Computation: 0.0067826 s