Overhead: 0.0004612 s
I/O: 0.0103601 s
Computation: 0.193872 s