Overhead: 0.0003822 s
I/O: 0.0043379 s
Computation: 0.0011441 s