Overhead: 0.0006693 s
I/O: 0.0124998 s
Computation: 0.0734342 s