Overhead: 0.0005319 s
I/O: 0.0172955 s
Computation: 0.227847 s