Overhead: 0.0004152 s
I/O: 0.0136186 s
Computation: 0.0035368 s