Overhead: 0.0005357 s
I/O: 0.0092711 s
Computation: 0.0140235 s