Overhead: 0.0005653 s
I/O: 0.0130269 s
Computation: 0.0036392 s