Overhead: 0.0003972 s
I/O: 0.0039899 s
Computation: 0.0011927 s