Overhead: 0.0003683 s
I/O: 0.0043299 s
Computation: 0.0011069 s