Overhead: 0.0004365 s
I/O: 0.0050689 s
Computation: 0.0184229 s