Overhead: 0.000385 s
I/O: 0.0236645 s
Computation: 0.0012446 s