Overhead: 0.0005541 s
I/O: 0.0126025 s
Computation: 14.2752 s