Overhead: 0.0010222 s
I/O: 0.0126678 s
Computation: 0.0118292 s