Overhead: 0.0005782 s
I/O: 0.0046881 s
Computation: 0.0034981 s