Overhead: 0.0006925 s
I/O: 0.179084 s
Computation: 0.0523447 s