Overhead: 0.0006054 s
I/O: 0.0092337 s
Computation: 0.005822 s