Overhead: 0.0005192 s
I/O: 0.0093477 s
Computation: 0.0066643 s