Overhead: 0.0004753 s
I/O: 0.0109219 s
Computation: 0.0145846 s