Overhead: 0.0004073 s
I/O: 0.0106141 s
Computation: 0.0231547 s