Overhead: 0.0008379 s
I/O: 0.0134381 s
Computation: 0.0224979 s