Overhead: 0.0004651 s
I/O: 0.0128659 s
Computation: 0.0025984 s