Overhead: 0.0004227 s
I/O: 0.0114407 s
Computation: 0.0301491 s