Overhead: 0.0005961 s
I/O: 0.195965 s
Computation: 0.0503334 s