Overhead: 0.0003736 s
I/O: 0.010423 s
Computation: 0.0107947 s