Overhead: 0.0004004 s
I/O: 0.003801 s
Computation: 0.02118 s