Overhead: 0.0005268 s
I/O: 0.0119325 s
Computation: 0.0051156 s