Overhead: 0.0005635 s
I/O: 0.00694 s
Computation: 0.0053705 s