Overhead: 0.0004929 s
I/O: 0.0095632 s
Computation: 0.0024629 s