Overhead: 0.0008086 s
I/O: 0.0308498 s
Computation: 0.0354414 s