Overhead: 0.0004369 s
I/O: 0.0098417 s
Computation: 0.0026142 s