Overhead: 0.0004458 s
I/O: 0.0009832 s
Computation: 0.0217395 s