Overhead: 0.0005839 s
I/O: 0.160837 s
Computation: 0.0449068 s