Overhead: 0.0003974 s
I/O: 0.0167865 s
Computation: 0.0383796 s