Overhead: 0.0003847 s
I/O: 0.0047309 s
Computation: 0.0011777 s