Overhead: 0.0004553 s
I/O: 0.0009982 s
Computation: 0.0190138 s