Overhead: 0.000978 s
I/O: 0.0189141 s
Computation: 0.0639441 s