Overhead: 0.0004222 s
I/O: 0.0136444 s
Computation: 0.0592711 s