Overhead: 0.0004471 s
I/O: 0.0047038 s
Computation: 0.0012825 s