Overhead: 0.0004857 s
I/O: 0.0009933 s
Computation: 0.0060088 s