Overhead: 0.0003945 s
I/O: 0.009708 s
Computation: 0.0132367 s