Overhead: 0.0005894 s
I/O: 0.0191865 s
Computation: 0.0169198 s