Overhead: 0.0006569 s
I/O: 0.0117617 s
Computation: 0.0148365 s