Overhead: 0.0006114 s
I/O: 0.0095412 s
Computation: 0.0045127 s