Overhead: 0.0007336 s
I/O: 0.0042804 s
Computation: 0.007382 s