Overhead: 0.0003845 s
I/O: 0.0171709 s
Computation: 0.0084704 s