Overhead: 0.0005244 s
I/O: 0.160071 s
Computation: 0.337304 s