Overhead: 0.0003909 s
I/O: 0.0189783 s
Computation: 0.011691 s