Overhead: 0.0004233 s
I/O: 0.0011008 s
Computation: 0.0041609 s