Overhead: 0.0004626 s
I/O: 0.0139919 s
Computation: 0.0518736 s