Overhead: 0.0004002 s
I/O: 0.008832 s
Computation: 0.0185333 s