Overhead: 0.0005528 s
I/O: 0.0172193 s
Computation: 0.188197 s