Overhead: 0.0004666 s
I/O: 0.0097532 s
Computation: 0.0962231 s