Overhead: 0.0004747 s
I/O: 0.0051664 s
Computation: 0.0199051 s