Overhead: 0.0003834 s
I/O: 0.0020319 s
Computation: 0.0059387 s