Overhead: 0.0004255 s
I/O: 0.0103039 s
Computation: 0.0027375 s