Overhead: 0.0005817 s
I/O: 0.167165 s
Computation: 0.0292609 s