Overhead: 0.0004115 s
I/O: 0.0060433 s
Computation: 0.0013062 s