Overhead: 0.0005939 s
I/O: 0.0089707 s
Computation: 0.0054955 s