Overhead: 0.0003743 s
I/O: 0.0066431 s
Computation: 0.0011347 s