Overhead: 0.0004753 s
I/O: 0.0062854 s
Computation: 0.001258 s