Overhead: 0.0004069 s
I/O: 0.0032696 s
Computation: 0.0011379 s