Overhead: 0.0005582 s
I/O: 0.0102141 s
Computation: 0.0426316 s