Overhead: 0.0004435 s
I/O: 0.0056699 s
Computation: 0.0188029 s