Overhead: 0.0005233 s
I/O: 0.0084194 s
Computation: 0.0027407 s