Overhead: 0.0005554 s
I/O: 0.0220562 s
Computation: 0.0023515 s