Overhead: 0.0005199 s
I/O: 0.0024106 s
Computation: 0.018031 s