Overhead: 0.0004238 s
I/O: 0.0055255 s
Computation: 0.001193 s