Overhead: 0.000418 s
I/O: 0.0077247 s
Computation: 0.010648 s