Overhead: 0.000427 s
I/O: 0.015964 s
Computation: 0.0425654 s