Overhead: 0.0003915 s
I/O: 0.0059557 s
Computation: 0.0012373 s