Overhead: 0.0006265 s
I/O: 0.0090133 s
Computation: 0.0214138 s