Overhead: 0.0004297 s
I/O: 0.0041637 s
Computation: 0.019769 s