Overhead: 0.0004731 s
I/O: 0.0071161 s
Computation: 0.0012126 s