Overhead: 0.0004701 s
I/O: 0.0038172 s
Computation: 0.0020366 s