Overhead: 0.0006805 s
I/O: 0.0225855 s
Computation: 0.0240907 s