Overhead: 0.0005748 s
I/O: 0.016698 s
Computation: 0.0258861 s