Overhead: 0.0003576 s
I/O: 0.0077031 s
Computation: 0.0121973 s