Overhead: 0.000451 s
I/O: 0.0066272 s
Computation: 0.0013184 s