Overhead: 0.0003566 s
I/O: 0.0079638 s
Computation: 0.0122165 s