Overhead: 0.000378 s
I/O: 0.002377 s
Computation: 0.0082998 s