Overhead: 0.0004658 s
I/O: 0.0107612 s
Computation: 0.0523739 s