Overhead: 0.0003906 s
I/O: 0.0037507 s
Computation: 0.0012222 s