Overhead: 0.0005891 s
I/O: 0.0110587 s
Computation: 0.0217896 s