Overhead: 0.0005267 s
I/O: 0.0093336 s
Computation: 0.0050958 s