Overhead: 0.0004075 s
I/O: 0.0104352 s
Computation: 0.0151495 s