Overhead: 0.0005935 s
I/O: 0.0096443 s
Computation: 0.0057333 s