Overhead: 0.0003687 s
I/O: 0.0071771 s
Computation: 0.0026554 s