Overhead: 0.0004541 s
I/O: 0.0106593 s
Computation: 0.0136543 s