Overhead: 0.0006525 s
I/O: 0.0151537 s
Computation: 0.0168391 s