Overhead: 0.0005603 s
I/O: 0.0134723 s
Computation: 0.0207721 s