Overhead: 0.0004452 s
I/O: 0.0053512 s
Computation: 0.0013858 s