Overhead: 0.0003824 s
Computation: 0.0090602 s