Overhead: 0.0003582 s
I/O: 0.0075919 s
Computation: 0.0118815 s