Overhead: 0.000813 s
I/O: 0.0162434 s
Computation: 0.197386 s