Overhead: 0.0005457 s
I/O: 0.0050954 s
Computation: 0.0157217 s