Overhead: 0.0003452 s
I/O: 0.0084172 s
Computation: 0.0123782 s