Overhead: 0.0004058 s
I/O: 0.0062942 s
Computation: 0.0241116 s