Overhead: 0.0005082 s
I/O: 0.0254108 s
Computation: 1.00633 s