Overhead: 0.0003616 s
I/O: 0.0040849 s
Computation: 0.0012265 s