Overhead: 0.0005196 s
I/O: 0.0011776 s
Computation: 0.0202029 s