Overhead: 0.0003619 s
I/O: 0.0080671 s
Computation: 0.0108491 s