Overhead: 0.0004575 s
I/O: 0.0142949 s
Computation: 0.0499097 s