Overhead: 0.0009779 s
I/O: 0.0076424 s
Computation: 0.0328339 s