Overhead: 0.0004017 s
I/O: 0.0041867 s
Computation: 0.0198803 s