Overhead: 0.0003977 s
I/O: 0.0080952 s
Computation: 0.0149313 s