Overhead: 0.0004918 s
I/O: 0.0086048 s
Computation: 0.0051544 s