Overhead: 0.0006175 s
I/O: 0.0235716 s
Computation: 0.0532916 s