Overhead: 0.0005495 s
I/O: 0.0083184 s
Computation: 0.005283 s