Overhead: 0.0003708 s
I/O: 0.0101013 s
Computation: 0.0161958 s