Overhead: 0.0006717 s
I/O: 0.0013952 s
Computation: 0.0237491 s