Overhead: 0.0005965 s
I/O: 0.0263071 s
Computation: 0.0438141 s