Overhead: 0.0003653 s
I/O: 0.0049435 s
Computation: 0.0011794 s