Overhead: 0.0004538 s
I/O: 0.0136553 s
Computation: 0.0436525 s