Overhead: 0.0006356 s
I/O: 0.061247 s
Computation: 0.0092899 s