Overhead: 0.0004977 s
I/O: 0.0076782 s
Computation: 0.513273 s