Overhead: 0.0004679 s
I/O: 0.0095716 s
Computation: 0.0138787 s