Overhead: 0.0004079 s
I/O: 0.0072701 s
Computation: 0.0013533 s