Overhead: 0.0003649 s
I/O: 0.0036004 s
Computation: 0.0142609 s