Overhead: 0.000375 s
I/O: 0.0009269 s
Computation: 0.0039054 s