Overhead: 0.0004396 s
I/O: 0.0076201 s
Computation: 0.0288791 s