Overhead: 0.0003619 s
I/O: 0.0094667 s
Computation: 0.0135919 s