Overhead: 0.0004542 s
I/O: 0.0121248 s
Computation: 0.0142633 s