Overhead: 0.0004953 s
I/O: 0.0113485 s
Computation: 0.0573825 s