Overhead: 0.0004642 s
I/O: 0.0062293 s
Computation: 0.0158918 s