Overhead: 0.0003668 s
I/O: 0.0106692 s
Computation: 0.0164378 s