Overhead: 0.0004244 s
I/O: 0.0117363 s
Computation: 0.0025759 s