Overhead: 0.000353 s
I/O: 0.0044694 s
Computation: 0.0011292 s