Overhead: 0.0007274 s
I/O: 0.0107377 s
Computation: 0.0078182 s