Overhead: 0.0004663 s
I/O: 0.001055 s
Computation: 0.0220305 s