Overhead: 0.0005797 s
I/O: 0.127341 s
Computation: 0.341484 s