Overhead: 0.0003583 s
I/O: 0.0073943 s
Computation: 0.0012244 s