Overhead: 0.0005561 s
I/O: 0.0135751 s
Computation: 0.0065425 s