Overhead: 0.0004508 s
I/O: 0.0013513 s
Computation: 0.0075689 s