Overhead: 0.0002969 s
I/O: 0.0009115 s
Computation: 0.0048615 s