Overhead: 0.000383 s
I/O: 0.0071254 s
Computation: 0.0011146 s