Overhead: 0.0006315 s
I/O: 0.0258897 s
Computation: 0.0077295 s