Overhead: 0.0005489 s
I/O: 0.0170757 s
Computation: 0.0065594 s