Overhead: 0.0003409 s
I/O: 0.0023163 s
Computation: 0.0091036 s