Overhead: 0.0003915 s
I/O: 0.0045767 s
Computation: 0.0015964 s