Overhead: 0.0007379 s
I/O: 0.0120108 s
Computation: 0.0416291 s