Overhead: 0.0006262 s
I/O: 0.132907 s
Computation: 0.0461453 s