Overhead: 0.0004679 s
I/O: 0.0041384 s
Computation: 0.0190119 s