Overhead: 0.0004236 s
I/O: 0.0118125 s
Computation: 0.0026218 s