Overhead: 0.0003506 s
I/O: 0.0082694 s
Computation: 0.0100807 s