Overhead: 0.0004717 s
I/O: 0.0143349 s
Computation: 0.0182142 s