Overhead: 0.0004465 s
I/O: 0.0011896 s
Computation: 0.0169459 s