Overhead: 0.0004113 s
I/O: 0.0156651 s
Computation: 0.0025997 s