Overhead: 0.0006658 s
I/O: 0.007091 s
Computation: 0.0052109 s