Overhead: 0.0006007 s
I/O: 0.146156 s
Computation: 0.0202035 s