Overhead: 0.0003592 s
I/O: 0.0042484 s
Computation: 0.0011838 s