Overhead: 0.0004943 s
I/O: 0.0081574 s
Computation: 0.0087951 s