Overhead: 0.0005396 s
I/O: 0.0064374 s
Computation: 0.0051812 s