Overhead: 0.0005655 s
I/O: 0.0333635 s
Computation: 0.0089374 s