Overhead: 0.0003945 s
I/O: 0.0031025 s
Computation: 0.0063822 s