Overhead: 0.0008688 s
I/O: 0.0050437 s
Computation: 0.0023848 s