Overhead: 0.0005291 s
I/O: 0.0087026 s
Computation: 0.0055737 s