Overhead: 0.0004418 s
I/O: 0.0152584 s
Computation: 1.12797 s