Overhead: 0.0005086 s
I/O: 0.0097653 s
Computation: 0.0101265 s