Overhead: 0.0005614 s
I/O: 0.0058154 s
Computation: 0.0018569 s