Overhead: 0.0005034 s
I/O: 0.0062416 s
Computation: 0.0014739 s