Overhead: 0.0004802 s
I/O: 0.0063893 s
Computation: 0.0056479 s