Overhead: 0.0003844 s
I/O: 0.0103882 s
Computation: 0.0143653 s