Overhead: 0.0003707 s
I/O: 0.0044567 s
Computation: 0.0011495 s