Overhead: 0.000416 s
I/O: 0.0046321 s
Computation: 0.0164471 s