Overhead: 0.0004182 s
I/O: 0.0039862 s
Computation: 0.0012304 s