Overhead: 0.0005298 s
I/O: 0.0133977 s
Computation: 0.0033934 s