Overhead: 0.000434 s
I/O: 0.0165851 s
Computation: 0.132864 s