Overhead: 0.0006018 s
I/O: 0.0237345 s
Computation: 0.0605116 s