Overhead: 0.0005709 s
I/O: 0.0055292 s
Computation: 0.0015606 s