Overhead: 0.0004145 s
I/O: 0.0101469 s
Computation: 0.0152261 s