Overhead: 0.0005828 s
I/O: 0.0144491 s
Computation: 0.0028354 s