Overhead: 0.000445 s
I/O: 0.0135619 s
Computation: 0.0105477 s