Overhead: 0.0003212 s
I/O: 0.0006249 s
Computation: 0.0037117 s