Overhead: 0.0005639 s
I/O: 0.0129956 s
Computation: 0.0845652 s