Overhead: 0.0003692 s
I/O: 0.0093562 s
Computation: 0.0172017 s