Overhead: 0.0003644 s
I/O: 0.0050935 s
Computation: 0.0012821 s