Overhead: 0.0007004 s
I/O: 0.0331034 s
Computation: 0.261213 s