Overhead: 0.0005816 s
I/O: 0.0011226 s
Computation: 0.018623 s