Overhead: 0.0006843 s
I/O: 0.0102758 s
Computation: 0.0142443 s