Overhead: 0.0003855 s
I/O: 0.0044585 s
Computation: 0.0011775 s