Overhead: 0.000347 s
I/O: 0.0042946 s
Computation: 0.018014 s