Overhead: 0.0004309 s
I/O: 0.0044445 s
Computation: 0.0012444 s