Overhead: 0.0004443 s
I/O: 0.0111979 s
Computation: 0.0558303 s