Overhead: 0.0003888 s
I/O: 0.0039638 s
Computation: 0.0011995 s