Overhead: 0.0006713 s
I/O: 0.0643591 s
Computation: 0.0109391 s