Overhead: 0.0004939 s
I/O: 0.0008781 s
Computation: 0.0062232 s