Overhead: 0.0004959 s
I/O: 0.127212 s
Computation: 0.335947 s