Overhead: 0.0005509 s
I/O: 0.149491 s
Computation: 0.0297833 s