Overhead: 0.0005686 s
I/O: 0.0168992 s
Computation: 0.0486471 s