Overhead: 0.0005774 s
I/O: 0.0079936 s
Computation: 0.0121785 s