Overhead: 0.0004442 s
I/O: 0.0008845 s
Computation: 0.0182313 s