Overhead: 0.0006639 s
I/O: 0.001723 s
Computation: 0.0312206 s