Overhead: 0.0003715 s
I/O: 0.0091526 s
Computation: 0.0148331 s