Overhead: 0.0004055 s
I/O: 0.0062687 s
Computation: 0.0012003 s