Overhead: 0.0004329 s
I/O: 0.0070435 s
Computation: 0.00132 s