Overhead: 0.0006469 s
I/O: 0.0051697 s
Computation: 0.0152111 s