Overhead: 0.0004305 s
I/O: 0.0088874 s
Computation: 0.0143859 s