Overhead: 0.0038419 s
I/O: 0.0075658 s
Computation: 0.0355749 s