Overhead: 0.0002967 s
I/O: 0.0019493 s
Computation: 0.0054017 s