Overhead: 0.0003277 s
I/O: 0.0067083 s
Computation: 0.0011284 s