Overhead: 0.0006134 s
I/O: 0.0068637 s
Computation: 0.0011832 s