Overhead: 0.0005311 s
I/O: 0.0022971 s
Computation: 0.0455388 s