Overhead: 0.0004782 s
I/O: 0.0127001 s
Computation: 0.0862963 s