Overhead: 0.0003773 s
I/O: 0.0096335 s
Computation: 0.0116724 s