Overhead: 0.0004724 s
I/O: 0.0038003 s
Computation: 0.0031358 s