Overhead: 0.0007543 s
I/O: 0.272026 s
Computation: 0.334814 s