Overhead: 0.00045 s
I/O: 0.0045101 s
Computation: 0.0012881 s