Overhead: 0.0004786 s
I/O: 0.0010096 s
Computation: 0.0136067 s