Overhead: 0.0005518 s
I/O: 0.0114838 s
Computation: 0.0031273 s