Overhead: 0.0004987 s
I/O: 0.0064087 s
Computation: 0.0012296 s