Overhead: 0.0005523 s
I/O: 0.0105756 s
Computation: 0.0061347 s