Overhead: 0.0004546 s
I/O: 0.0113367 s
Computation: 0.0372974 s