Overhead: 0.0004552 s
I/O: 0.0054809 s
Computation: 0.001184 s