Overhead: 0.0006069 s
I/O: 0.147802 s
Computation: 0.0446561 s