Overhead: 0.000472 s
I/O: 0.0111469 s
Computation: 0.0137473 s