Overhead: 0.00056 s
I/O: 0.0222188 s
Computation: 0.023916 s