Overhead: 0.0003855 s
I/O: 0.0349342 s
Computation: 0.121339 s