Overhead: 0.0003637 s
I/O: 0.0077362 s
Computation: 0.0061482 s