Overhead: 0.0004547 s
I/O: 0.0090295 s
Computation: 0.0163063 s