Overhead: 0.0003584 s
I/O: 0.0059127 s
Computation: 0.0011685 s