Overhead: 0.0004595 s
I/O: 0.0159136 s
Computation: 1.03319 s