Overhead: 0.0005223 s
I/O: 0.0081556 s
Computation: 0.0058903 s