Overhead: 0.0003846 s
I/O: 0.0044264 s
Computation: 0.0011962 s