Overhead: 0.0004553 s
I/O: 0.0144661 s
Computation: 0.0024434 s