Overhead: 0.0004609 s
I/O: 0.0010394 s
Computation: 0.0218847 s