Overhead: 0.0004404 s
I/O: 0.0047129 s
Computation: 0.001359 s