Overhead: 0.0005743 s
I/O: 0.0101429 s
Computation: 0.0055489 s