Overhead: 0.0004648 s
I/O: 0.0069597 s
Computation: 0.0113156 s