Overhead: 0.0038503 s
I/O: 0.0129614 s
Computation: 0.0373304 s