Overhead: 0.00045 s
I/O: 0.0081211 s
Computation: 0.0088305 s