Overhead: 0.0004351 s
I/O: 0.0102908 s
Computation: 0.0163512 s