Overhead: 0.0004459 s
I/O: 0.0101862 s
Computation: 0.0140741 s