Overhead: 0.0004927 s
I/O: 0.0052537 s
Computation: 0.0189919 s