Overhead: 0.0007314 s
I/O: 0.0027452 s
Computation: 0.0813952 s