Overhead: 0.0004135 s
I/O: 0.0041546 s
Computation: 0.0228986 s