Overhead: 0.0003448 s
I/O: 0.0013482 s
Computation: 0.0020124 s