Overhead: 0.0004917 s
I/O: 0.003861 s
Computation: 0.0194242 s