Overhead: 0.0004055 s
I/O: 0.0401685 s
Computation: 0.0120348 s