Overhead: 0.0003526 s
Computation: 0.0104554 s