Overhead: 0.0004411 s
I/O: 0.0060175 s
Computation: 0.0016199 s