Overhead: 0.0006846 s
I/O: 0.0164585 s
Computation: 0.117278 s