Overhead: 0.0005484 s
I/O: 0.0130555 s
Computation: 0.0570055 s