Overhead: 0.0004568 s
I/O: 0.0103359 s
Computation: 0.0146016 s