Overhead: 0.0005378 s
I/O: 0.0092264 s
Computation: 0.0157159 s