Overhead: 0.0005271 s
I/O: 0.0114924 s
Computation: 0.0132441 s