Overhead: 0.0004436 s
I/O: 0.0013072 s
Computation: 0.0175681 s