Overhead: 0.0005649 s
I/O: 0.0165895 s
Computation: 0.0589809 s