Overhead: 0.0005215 s
I/O: 0.0089612 s
Computation: 0.0044834 s