Overhead: 0.0006672 s
I/O: 0.164053 s
Computation: 0.0297143 s