Overhead: 0.0003958 s
I/O: 0.0383769 s
Computation: 0.0081088 s