Overhead: 0.0005666 s
I/O: 0.0101252 s
Computation: 0.0015941 s