Overhead: 0.0004826 s
I/O: 0.0135434 s
Computation: 0.186858 s