Overhead: 0.0005694 s
I/O: 0.0356272 s
Computation: 0.0088395 s