Overhead: 0.0004376 s
I/O: 0.0111081 s
Computation: 0.031191 s