Overhead: 0.0006266 s
I/O: 0.0099126 s
Computation: 0.0042648 s