Overhead: 0.0004434 s
I/O: 0.0130139 s
Computation: 0.0514759 s