Overhead: 0.0004443 s
I/O: 0.0067533 s
Computation: 0.0016949 s