Overhead: 0.0005486 s
I/O: 0.0180513 s
Computation: 0.0098256 s