Overhead: 0.0005292 s
I/O: 0.159696 s
Computation: 0.0309874 s