Overhead: 0.0005501 s
I/O: 0.0055795 s
Computation: 0.0073098 s