Overhead: 0.0004615 s
I/O: 0.0012326 s
Computation: 0.0333263 s