Overhead: 0.0005611 s
I/O: 0.120656 s
Computation: 0.339217 s