Overhead: 0.0005674 s
I/O: 0.0542961 s
Computation: 0.0110855 s