Overhead: 0.0002784 s
I/O: 0.0025747 s
Computation: 0.0010385 s