Overhead: 0.0003875 s
I/O: 0.01226 s
Computation: 0.0036653 s