Overhead: 0.0004907 s
I/O: 0.0082343 s
Computation: 0.0056976 s