Overhead: 0.0003392 s
I/O: 0.007873 s
Computation: 0.0084427 s