Overhead: 0.0005752 s
I/O: 0.0147989 s
Computation: 0.0026351 s