Overhead: 0.0003724 s
I/O: 0.0011757 s
Computation: 0.0010951 s