Overhead: 0.0004826 s
I/O: 0.0160583 s
Computation: 0.566534 s