Overhead: 0.0003787 s
I/O: 0.0044086 s
Computation: 0.0014433 s