Overhead: 0.0005879 s
I/O: 0.008734 s
Computation: 0.0058923 s