Overhead: 0.0005175 s
I/O: 0.0153432 s
Computation: 0.0140465 s