Overhead: 0.0005135 s
I/O: 0.141494 s
Computation: 0.404117 s