Overhead: 0.0006832 s
I/O: 0.0076925 s
Computation: 0.0039428 s