Overhead: 0.000414 s
I/O: 0.0084775 s
Computation: 0.0111855 s