Overhead: 0.0003774 s
I/O: 0.0025309 s
Computation: 0.0091946 s