Overhead: 0.0003431 s
I/O: 0.0042771 s
Computation: 0.0015636 s