Overhead: 0.0005588 s
I/O: 0.148462 s
Computation: 0.0294471 s