Overhead: 0.0003917 s
I/O: 0.0108909 s
Computation: 0.002409 s