Overhead: 0.0007965 s
I/O: 0.0572063 s
Computation: 0.2498 s