Overhead: 0.0004023 s
I/O: 0.0102732 s
Computation: 0.0176945 s