Overhead: 0.0004325 s
I/O: 0.0058892 s
Computation: 0.0344247 s