Overhead: 0.0004299 s
I/O: 0.0042978 s
Computation: 0.019718 s