Overhead: 0.0006388 s
I/O: 0.0109067 s
Computation: 0.0559813 s